313832921
394258087
368211803
827336483
223907029
131417707
355378853
355451903
973798451
526012153
791391893
90093371
883696651
307080779
87333733
842482463
329566483
643342657
518042047
680919781
515935831
501264571
136417901
601461851
355057793
646442737
767720609
480665131
323014751
625028917
235026907
610490809
932135791
347941163
166010197
570561559
525548393
841381067
83882231
179050099
993594221
599630509
802021991
738535123
696688319
469573667
467129059
456326491
551347019
976335013
871585607
640405021
941517413
11012809
654986447
642317761
192406411
462953611
289092709
124444739
3136253
182826769
218826467
613957067
368781929
522556547
246874037
859916483
214814113
164156513
664935889
310968521
2080927
367394369
924231017
969583891
969326201
229570127
501380723
831594011
507916523
305943961
507902449
861850057
682601321
617460031
587242933
352897789
17188709
512240401
904932293
917744071
572170919
340705741
258668689
143795929
82816847
684011291
103823177
94186787
