1
300 5000
0 13
0 17
0 18
0 22
0 29
0 30
0 45
0 50
0 51
0 53
0 72
0 85
0 87
0 102
0 105
0 106
0 119
0 125
0 128
0 138
0 141
0 142
0 147
0 172
0 178
0 180
0 205
0 230
0 236
0 246
0 247
0 249
0 250
0 274
0 279
0 297
0 298
1 5
1 41
1 48
1 61
1 88
1 96
1 106
1 109
1 115
1 119
1 124
1 138
1 145
1 147
1 153
1 155
1 156
1 171
1 176
1 178
1 180
1 186
1 198
1 217
1 232
1 235
1 238
1 243
1 258
1 269
1 278
2 7
2 14
2 26
2 31
2 39
2 51
2 55
2 56
2 71
2 74
2 92
2 105
2 111
2 132
2 137
2 147
2 155
2 157
2 160
2 183
2 192
2 195
2 202
2 212
2 216
2 232
2 238
2 256
2 258
2 266
3 4
3 16
3 23
3 33
3 37
3 48
3 49
3 52
3 60
3 67
3 70
3 72
3 75
3 82
3 87
3 100
3 109
3 129
3 153
3 156
3 158
3 186
3 195
3 203
3 215
3 218
3 222
3 248
3 253
3 263
3 267
3 271
3 273
3 275
3 281
3 282
3 290
4 10
4 16
4 55
4 71
4 80
4 86
4 89
4 91
4 92
4 98
4 100
4 111
4 138
4 139
4 143
4 176
4 180
4 189
4 195
4 206
4 219
4 241
4 244
4 262
4 272
4 277
4 291
4 297
5 10
5 11
5 27
5 32
5 37
5 42
5 76
5 81
5 88
5 96
5 101
5 106
5 120
5 121
5 127
5 128
5 137
5 147
5 149
5 152
5 153
5 163
5 165
5 184
5 188
5 200
5 206
5 208
5 209
5 210
5 218
5 223
5 230
5 231
5 233
5 236
5 237
5 249
5 250
5 277
5 279
5 283
6 10
6 45
6 59
6 60
6 67
6 82
6 87
6 99
6 105
6 114
6 116
6 130
6 131
6 144
6 145
6 157
6 169
6 184
6 194
6 195
6 204
6 213
6 219
6 224
6 227
6 242
6 259
6 260
6 261
6 263
6 279
6 282
6 290
6 291
6 292
6 296
7 16
7 20
7 39
7 41
7 45
7 49
7 50
7 52
7 65
7 86
7 88
7 93
7 94
7 105
7 140
7 141
7 147
7 176
7 179
7 191
7 207
7 211
7 212
7 214
7 229
7 243
7 286
8 10
8 14
8 23
8 33
8 42
8 44
8 46
8 48
8 61
8 90
8 129
8 138
8 142
8 146
8 150
8 164
8 168
8 175
8 203
8 215
8 229
8 247
8 255
8 256
8 258
8 264
8 266
8 271
8 273
8 299
9 12
9 18
9 23
9 50
9 54
9 55
9 57
9 63
9 64
9 79
9 109
9 111
9 116
9 118
9 120
9 138
9 144
9 145
9 158
9 180
9 183
9 186
9 193
9 194
9 198
9 212
9 220
9 228
9 229
9 244
9 249
9 258
9 262
9 273
9 278
9 297
9 299
10 14
10 27
10 29
10 30
10 36
10 37
10 48
10 70
10 78
10 109
10 145
10 160
10 167
10 173
10 176
10 189
10 206
10 213
10 218
10 232
10 235
10 236
10 238
10 247
10 266
10 275
10 288
10 290
10 291
11 36
11 43
11 53
11 58
11 72
11 81
11 82
11 102
11 106
11 107
11 108
11 124
11 126
11 128
11 129
11 138
11 142
11 146
11 147
11 158
11 165
11 193
11 204
11 216
11 232
11 249
11 278
11 282
11 291
12 21
12 35
12 52
12 54
12 61
12 66
12 69
12 76
12 84
12 87
12 91
12 103
12 111
12 117
12 133
12 160
12 162
12 169
12 173
12 179
12 182
12 183
12 189
12 216
12 231
12 234
12 237
12 243
12 248
12 250
12 262
12 265
12 269
12 278
12 298
13 30
13 35
13 53
13 56
13 57
13 65
13 74
13 77
13 79
13 96
13 105
13 112
13 122
13 132
13 133
13 142
13 143
13 204
13 222
13 227
13 231
13 233
13 235
13 242
13 244
13 249
13 257
13 267
13 269
14 43
14 74
14 83
14 101
14 102
14 103
14 110
14 111
14 145
14 152
14 164
14 177
14 178
14 181
14 194
14 196
14 200
14 225
14 250
14 260
14 261
14 268
14 269
14 276
14 277
14 286
14 292
15 24
15 35
15 52
15 55
15 69
15 85
15 88
15 92
15 111
15 121
15 130
15 134
15 141
15 150
15 152
15 185
15 190
15 216
15 227
15 241
15 248
15 251
15 267
16 24
16 25
16 50
16 56
16 63
16 65
16 101
16 103
16 120
16 125
16 129
16 131
16 139
16 150
16 158
16 162
16 165
16 192
16 202
16 216
16 227
16 232
16 252
16 261
16 271
16 272
16 275
16 288
16 289
16 294
17 32
17 38
17 49
17 51
17 58
17 61
17 69
17 73
17 95
17 98
17 102
17 108
17 118
17 135
17 142
17 153
17 158
17 167
17 168
17 208
17 209
17 217
17 234
17 236
17 238
17 239
17 257
17 266
17 272
17 280
17 291
18 45
18 48
18 49
18 57
18 65
18 68
18 73
18 82
18 95
18 103
18 115
18 123
18 127
18 138
18 165
18 172
18 175
18 190
18 201
18 209
18 219
18 225
18 255
18 270
18 287
19 22
19 26
19 30
19 52
19 59
19 60
19 61
19 65
19 71
19 74
19 84
19 86
19 91
19 92
19 108
19 110
19 125
19 129
19 136
19 148
19 151
19 168
19 171
19 177
19 185
19 189
19 190
19 210
19 211
19 234
19 242
19 251
19 261
19 269
19 272
19 278
19 291
19 296
20 25
20 31
20 44
20 46
20 47
20 58
20 62
20 64
20 70
20 103
20 105
20 113
20 137
20 153
20 162
20 186
20 191
20 194
20 209
20 227
20 235
20 237
20 239
20 241
20 245
20 257
20 262
20 266
20 267
20 285
21 23
21 39
21 47
21 57
21 73
21 80
21 106
21 121
21 122
21 134
21 157
21 158
21 172
21 197
21 202
21 207
21 216
21 222
21 226
21 236
21 241
21 264
21 272
21 273
21 279
21 287
21 289
22 31
22 34
22 42
22 44
22 55
22 56
22 57
22 58
22 64
22 80
22 92
22 93
22 96
22 119
22 138
22 149
22 154
22 176
22 192
22 193
22 204
22 206
22 217
22 224
22 227
22 229
22 230
22 250
22 252
22 295
23 50
23 53
23 71
23 78
23 81
23 87
23 96
23 106
23 124
23 130
23 136
23 154
23 167
23 181
23 194
23 196
23 197
23 221
23 227
23 231
23 233
23 244
23 251
23 255
23 257
23 282
23 286
23 289
23 290
23 293
23 299
24 47
24 54
24 61
24 66
24 69
24 72
24 75
24 97
24 102
24 106
24 107
24 110
24 112
24 114
24 120
24 121
24 141
24 146
24 160
24 161
24 166
24 168
24 178
24 185
24 186
24 208
24 209
24 220
24 225
24 233
24 239
24 244
24 245
24 249
24 254
24 256
24 260
24 270
24 277
24 280
24 291
24 293
25 31
25 32
25 33
25 34
25 42
25 46
25 51
25 59
25 75
25 86
25 90
25 110
25 123
25 137
25 140
25 151
25 154
25 163
25 175
25 186
25 190
25 192
25 212
25 223
25 230
25 235
25 244
25 247
25 250
25 257
25 260
25 268
25 269
25 272
25 275
25 283
25 288
26 48
26 51
26 65
26 67
26 71
26 84
26 89
26 93
26 102
26 106
26 112
26 163
26 170
26 171
26 191
26 194
26 205
26 219
26 225
26 226
26 246
26 253
26 261
26 262
26 266
26 274
26 275
26 284
26 288
26 291
27 47
27 52
27 57
27 60
27 78
27 81
27 106
27 144
27 149
27 157
27 159
27 168
27 175
27 177
27 188
27 193
27 198
27 202
27 209
27 231
27 234
27 246
27 250
27 251
27 259
27 269
27 290
27 295
28 30
28 51
28 53
28 57
28 74
28 85
28 90
28 116
28 118
28 130
28 145
28 159
28 162
28 179
28 199
28 202
28 212
28 216
28 236
28 238
28 243
28 252
28 254
28 255
28 265
28 282
29 39
29 44
29 45
29 49
29 67
29 78
29 80
29 82
29 130
29 133
29 142
29 160
29 168
29 185
29 196
29 218
29 226
29 259
29 284
29 292
30 31
30 69
30 72
30 79
30 93
30 126
30 131
30 143
30 157
30 162
30 172
30 180
30 198
30 211
30 214
30 219
30 220
30 224
30 238
30 240
30 243
30 275
30 276
30 279
30 295
30 299
31 37
31 43
31 49
31 50
31 54
31 61
31 68
31 75
31 77
31 104
31 109
31 136
31 143
31 147
31 149
31 159
31 165
31 170
31 171
31 182
31 207
31 220
31 222
31 240
31 241
31 248
31 252
31 274
31 279
31 282
32 33
32 81
32 89
32 91
32 92
32 109
32 112
32 131
32 157
32 158
32 160
32 183
32 194
32 217
32 222
32 232
32 234
32 242
32 266
33 45
33 47
33 49
33 66
33 82
33 96
33 118
33 123
33 147
33 153
33 156
33 172
33 173
33 174
33 175
33 177
33 184
33 189
33 191
33 199
33 200
33 203
33 206
33 224
33 235
33 268
33 270
33 280
34 38
34 41
34 45
34 46
34 50
34 94
34 100
34 114
34 121
34 145
34 149
34 152
34 164
34 171
34 179
34 180
34 184
34 187
34 189
34 206
34 218
34 248
34 254
34 255
34 258
34 261
34 263
34 269
34 288
34 289
34 294
34 298
34 299
35 48
35 50
35 53
35 60
35 66
35 67
35 70
35 87
35 123
35 124
35 126
35 127
35 133
35 136
35 139
35 140
35 145
35 159
35 186
35 187
35 194
35 201
35 203
35 208
35 210
35 225
35 231
35 248
35 261
35 263
35 271
35 272
35 285
35 297
35 299
36 41
36 44
36 49
36 74
36 75
36 81
36 118
36 120
36 125
36 132
36 137
36 140
36 149
36 169
36 176
36 188
36 202
36 224
36 228
36 245
36 248
36 266
36 269
36 289
36 294
37 54
37 55
37 66
37 78
37 91
37 93
37 103
37 126
37 130
37 131
37 142
37 158
37 159
37 182
37 187
37 188
37 189
37 193
37 199
37 212
37 213
37 214
37 216
37 218
37 266
37 273
37 274
38 72
38 76
38 83
38 107
38 142
38 150
38 158
38 163
38 165
38 202
38 206
38 215
38 233
38 236
38 237
38 243
38 251
38 253
38 264
38 273
38 280
38 294
39 47
39 51
39 68
39 89
39 100
39 107
39 117
39 120
39 123
39 125
39 132
39 141
39 159
39 174
39 177
39 203
39 204
39 239
39 244
39 250
39 251
39 260
39 267
39 292
40 43
40 51
40 67
40 75
40 78
40 83
40 85
40 89
40 90
40 106
40 120
40 130
40 136
40 153
40 171
40 187
40 193
40 196
40 201
40 212
40 213
40 236
40 238
40 243
40 254
40 261
40 264
40 287
41 46
41 47
41 57
41 67
41 71
41 77
41 81
41 92
41 100
41 107
41 112
41 120
41 121
41 139
41 144
41 161
41 194
41 219
41 222
41 226
41 227
41 248
41 254
41 279
41 287
41 291
41 292
42 44
42 46
42 69
42 73
42 99
42 103
42 120
42 136
42 143
42 153
42 158
42 170
42 186
42 201
42 216
42 228
42 231
42 235
42 245
42 270
42 279
42 287
42 294
43 57
43 58
43 83
43 92
43 121
43 122
43 124
43 135
43 152
43 167
43 172
43 174
43 191
43 195
43 217
43 231
43 246
43 250
43 251
43 267
43 286
43 293
43 295
43 296
44 59
44 61
44 64
44 67
44 70
44 83
44 86
44 96
44 98
44 116
44 117
44 129
44 145
44 177
44 183
44 186
44 189
44 192
44 196
44 208
44 221
44 228
44 240
44 247
44 252
44 263
45 54
45 60
45 63
45 65
45 69
45 77
45 79
45 80
45 86
45 92
45 96
45 106
45 113
45 114
45 136
45 138
45 178
45 180
45 182
45 184
45 191
45 192
45 195
45 207
45 210
45 224
45 227
45 229
45 234
45 237
45 238
45 240
45 241
45 249
45 253
45 257
45 259
45 262
45 265
45 271
45 277
45 285
45 292
45 296
46 82
46 85
46 106
46 109
46 116
46 119
46 127
46 145
46 157
46 164
46 176
46 186
46 194
46 205
46 206
46 224
46 232
46 245
46 251
46 258
46 292
47 74
47 83
47 84
47 95
47 103
47 168
47 169
47 171
47 192
47 196
47 210
47 214
47 217
47 228
47 245
47 256
47 276
47 296
47 297
47 298
48 54
48 56
48 58
48 62
48 68
48 69
48 71
48 81
48 109
48 115
48 151
48 154
48 161
48 166
48 179
48 188
48 238
48 239
48 253
48 284
48 286
48 296
49 58
49 63
49 64
49 79
49 97
49 109
49 130
49 145
49 147
49 152
49 156
49 158
49 166
49 167
49 184
49 193
49 198
49 207
49 212
49 217
49 223
49 232
49 239
49 245
49 247
49 264
49 266
49 285
49 293
49 295
50 53
50 54
50 55
50 56
50 59
50 63
50 65
50 69
50 81
50 91
50 101
50 107
50 117
50 122
50 153
50 158
50 173
50 185
50 186
50 190
50 193
50 216
50 224
50 252
50 253
50 254
50 267
50 268
50 285
50 295
51 55
51 59
51 85
51 92
51 103
51 109
51 110
51 146
51 160
51 161
51 168
51 181
51 189
51 195
51 203
51 205
51 206
51 212
51 213
51 230
51 239
51 289
52 62
52 67
52 75
52 77
52 80
52 84
52 85
52 97
52 101
52 113
52 155
52 159
52 165
52 170
52 183
52 184
52 194
52 197
52 198
52 208
52 209
52 212
52 214
52 215
52 222
52 224
52 230
52 237
52 253
52 282
52 286
52 288
52 291
52 298
53 63
53 98
53 109
53 112
53 115
53 118
53 126
53 130
53 139
53 151
53 152
53 155
53 162
53 163
53 176
53 180
53 183
53 208
53 209
53 235
53 272
53 278
53 286
53 290
53 291
54 65
54 68
54 81
54 83
54 87
54 95
54 106
54 115
54 126
54 127
54 131
54 133
54 142
54 151
54 153
54 173
54 174
54 175
54 176
54 178
54 180
54 182
54 193
54 199
54 200
54 209
54 215
54 245
54 256
54 261
54 288
54 292
54 295
55 60
55 89
55 92
55 117
55 120
55 124
55 141
55 159
55 169
55 176
55 201
55 222
55 235
55 236
55 243
55 248
55 271
55 276
55 278
55 279
55 283
55 285
55 296
55 299
56 70
56 74
56 80
56 81
56 114
56 127
56 158
56 165
56 172
56 175
56 178
56 200
56 201
56 210
56 224
56 230
56 237
56 238
56 252
56 264
56 279
56 280
56 283
56 296
56 297
57 62
57 75
57 88
57 90
57 108
57 109
57 114
57 116
57 117
57 145
57 148
57 149
57 150
57 164
57 167
57 177
57 178
57 194
57 224
57 227
57 254
57 262
57 287
57 288
58 60
58 65
58 76
58 85
58 95
58 101
58 113
58 121
58 126
58 128
58 130
58 131
58 143
58 144
58 185
58 195
58 196
58 216
58 225
58 226
58 227
58 228
58 240
58 241
58 254
58 258
58 260
58 265
58 276
58 277
58 293
58 299
59 91
59 95
59 114
59 122
59 124
59 127
59 133
59 151
59 158
59 159
59 170
59 175
59 185
59 196
59 198
59 215
59 241
59 246
59 285
60 68
60 74
60 102
60 103
60 111
60 148
60 161
60 162
60 174
60 183
60 197
60 200
60 205
60 210
60 215
60 220
60 221
60 230
60 235
60 237
60 249
60 272
60 281
60 288
61 80
61 96
61 101
61 102
61 116
61 120
61 128
61 137
61 155
61 165
61 178
61 181
61 185
61 219
61 222
61 232
61 249
61 256
61 257
61 266
61 275
61 276
62 68
62 71
62 78
62 85
62 98
62 100
62 111
62 117
62 119
62 143
62 144
62 151
62 156
62 160
62 161
62 170
62 177
62 203
62 205
62 219
62 222
62 230
62 238
62 240
62 245
62 261
62 266
62 273
62 282
62 283
62 284
62 298
63 72
63 78
63 81
63 87
63 97
63 101
63 107
63 110
63 112
63 116
63 117
63 137
63 141
63 142
63 147
63 155
63 157
63 163
63 175
63 179
63 184
63 186
63 209
63 213
63 222
63 225
63 235
63 236
63 251
63 253
63 259
63 265
63 269
63 273
63 277
64 69
64 76
64 80
64 81
64 89
64 90
64 102
64 105
64 111
64 128
64 135
64 136
64 142
64 154
64 164
64 172
64 175
64 180
64 214
64 223
64 246
64 259
64 262
64 263
64 267
64 279
64 280
64 282
64 291
64 293
64 298
65 103
65 107
65 109
65 116
65 142
65 145
65 146
65 151
65 153
65 154
65 160
65 171
65 174
65 178
65 184
65 185
65 201
65 203
65 204
65 208
65 229
65 230
65 235
65 244
65 252
65 265
65 270
65 282
66 67
66 75
66 111
66 113
66 118
66 121
66 132
66 133
66 135
66 137
66 141
66 150
66 167
66 172
66 186
66 198
66 199
66 208
66 227
66 241
66 243
66 254
66 256
66 281
66 298
67 72
67 79
67 84
67 98
67 103
67 116
67 127
67 132
67 136
67 145
67 149
67 154
67 155
67 162
67 163
67 164
67 177
67 184
67 194
67 202
67 205
67 241
67 248
67 272
67 276
67 285
67 294
68 69
68 70
68 77
68 98
68 104
68 110
68 120
68 123
68 129
68 132
68 153
68 160
68 195
68 198
68 206
68 233
68 239
68 266
68 267
68 271
68 275
68 280
68 282
68 289
68 296
69 77
69 78
69 83
69 91
69 103
69 111
69 114
69 120
69 132
69 136
69 138
69 156
69 161
69 168
69 182
69 195
69 211
69 217
69 227
69 230
69 238
69 245
69 248
69 252
69 273
69 275
69 276
69 280
69 283
69 295
69 298
70 86
70 113
70 118
70 120
70 140
70 144
70 156
70 168
70 179
70 185
70 196
70 205
70 220
70 233
70 240
70 242
70 260
70 266
70 267
70 273
70 282
70 293
70 298
71 82
71 91
71 103
71 106
71 111
71 120
71 124
71 130
71 132
71 137
71 141
71 156
71 160
71 167
71 171
71 190
71 198
71 224
71 248
71 252
71 258
71 261
71 274
71 279
72 96
72 104
72 113
72 127
72 156
72 157
72 172
72 193
72 194
72 204
72 214
72 218
72 222
72 228
72 233
72 241
72 244
72 252
72 267
72 283
72 287
72 298
73 79
73 87
73 110
73 123
73 131
73 143
73 157
73 161
73 174
73 195
73 197
73 227
73 234
73 246
73 282
73 283
74 99
74 111
74 134
74 136
74 139
74 170
74 179
74 197
74 199
74 207
74 216
74 217
74 218
74 226
74 235
74 249
74 251
74 261
74 273
74 275
74 279
74 280
74 283
74 290
74 295
75 76
75 89
75 96
75 98
75 114
75 115
75 122
75 177
75 178
75 179
75 211
75 231
75 237
75 242
75 244
75 245
75 248
75 268
75 278
75 289
76 82
76 88
76 95
76 98
76 111
76 115
76 126
76 131
76 146
76 152
76 162
76 169
76 182
76 184
76 193
76 194
76 204
76 213
76 219
76 222
76 234
76 236
76 246
76 248
76 252
76 253
76 257
76 274
76 278
76 288
76 289
76 290
76 293
76 298
77 87
77 88
77 92
77 112
77 115
77 122
77 149
77 175
77 197
77 206
77 240
77 256
77 258
77 283
77 286
77 287
77 292
77 299
78 86
78 95
78 105
78 112
78 115
78 125
78 176
78 178
78 192
78 193
78 229
78 245
78 262
78 269
78 277
79 80
79 88
79 113
79 121
79 150
79 151
79 158
79 163
79 167
79 173
79 177
79 182
79 194
79 195
79 198
79 206
79 215
79 220
79 238
79 250
79 255
79 267
79 270
79 272
79 283
79 286
79 298
80 81
80 84
80 103
80 106
80 107
80 126
80 139
80 155
80 158
80 167
80 168
80 175
80 179
80 187
80 191
80 195
80 202
80 207
80 209
80 216
80 241
80 246
80 254
80 256
80 269
80 274
80 279
80 294
80 296
81 98
81 99
81 118
81 121
81 127
81 131
81 141
81 157
81 162
81 182
81 206
81 225
81 230
81 245
81 248
81 255
81 258
81 286
81 297
81 299
82 83
82 87
82 90
82 119
82 143
82 151
82 154
82 155
82 161
82 172
82 181
82 186
82 190
82 197
82 201
82 202
82 209
82 211
82 213
82 220
82 223
82 227
82 231
82 237
82 258
82 261
82 269
82 278
82 283
83 94
83 99
83 119
83 122
83 132
83 135
83 169
83 171
83 177
83 187
83 195
83 196
83 215
83 234
83 239
83 245
83 252
83 255
83 260
83 271
83 272
83 276
84 92
84 98
84 108
84 112
84 114
84 146
84 148
84 151
84 170
84 178
84 181
84 189
84 192
84 204
84 207
84 273
84 277
85 114
85 122
85 133
85 134
85 142
85 147
85 154
85 169
85 181
85 186
85 188
85 190
85 207
85 231
85 256
85 265
85 274
85 287
85 299
86 98
86 104
86 110
86 112
86 113
86 114
86 119
86 124
86 134
86 140
86 170
86 181
86 184
86 197
86 198
86 208
86 219
86 224
86 235
86 239
86 243
86 244
86 254
86 273
86 274
86 286
86 288
86 289
86 296
87 107
87 114
87 116
87 121
87 122
87 124
87 139
87 144
87 166
87 182
87 188
87 196
87 201
87 205
87 206
87 209
87 220
87 222
87 227
87 247
87 252
87 283
87 285
87 294
88 105
88 111
88 117
88 125
88 134
88 144
88 147
88 150
88 158
88 160
88 163
88 165
88 193
88 195
88 197
88 208
88 214
88 216
88 224
88 225
88 241
88 242
88 253
88 256
88 262
88 264
88 267
88 287
88 289
88 298
88 299
89 108
89 109
89 110
89 123
89 124
89 134
89 142
89 145
89 152
89 172
89 176
89 179
89 189
89 198
89 207
89 235
89 241
89 246
89 252
89 261
89 270
89 275
89 276
89 277
89 281
89 282
89 298
90 92
90 104
90 127
90 150
90 154
90 160
90 162
90 168
90 176
90 178
90 181
90 182
90 185
90 196
90 207
90 209
90 222
90 234
90 241
90 265
90 275
90 276
90 298
91 94
91 107
91 121
91 123
91 124
91 131
91 137
91 140
91 142
91 148
91 154
91 158
91 178
91 185
91 200
91 201
91 210
91 212
91 216
91 219
91 255
91 256
91 257
91 262
91 268
91 272
91 274
91 284
91 292
92 100
92 102
92 111
92 118
92 120
92 123
92 126
92 127
92 130
92 135
92 146
92 161
92 165
92 179
92 187
92 190
92 195
92 211
92 215
92 229
92 251
92 254
92 255
92 257
92 260
92 267
92 269
92 270
92 299
93 123
93 137
93 138
93 149
93 150
93 154
93 156
93 159
93 163
93 165
93 168
93 176
93 180
93 199
93 200
93 228
93 231
93 242
93 245
93 248
93 254
93 261
93 262
93 273
93 281
93 293
94 111
94 114
94 122
94 127
94 129
94 134
94 136
94 168
94 171
94 181
94 183
94 197
94 225
94 241
94 257
94 265
94 270
94 273
94 274
94 285
94 295
94 296
95 101
95 120
95 127
95 137
95 150
95 153
95 163
95 211
95 213
95 219
95 220
95 222
95 223
95 233
95 239
95 242
95 245
95 255
95 264
95 278
95 279
95 282
95 290
95 294
95 298
96 103
96 118
96 120
96 131
96 141
96 148
96 155
96 174
96 189
96 196
96 212
96 215
96 216
96 232
96 234
96 236
96 252
96 258
96 281
96 286
96 287
97 99
97 103
97 106
97 107
97 113
97 115
97 116
97 130
97 133
97 137
97 157
97 188
97 190
97 194
97 196
97 201
97 209
97 217
97 248
97 250
97 259
98 107
98 123
98 124
98 128
98 136
98 156
98 157
98 163
98 164
98 165
98 181
98 186
98 187
98 191
98 192
98 194
98 197
98 200
98 205
98 210
98 230
98 236
98 257
98 266
98 294
99 103
99 104
99 107
99 109
99 111
99 113
99 115
99 119
99 120
99 129
99 138
99 151
99 166
99 184
99 189
99 190
99 228
99 232
99 244
99 248
99 255
99 260
99 282
99 287
99 294
99 297
100 126
100 142
100 144
100 145
100 151
100 163
100 171
100 195
100 199
100 208
100 211
100 214
100 225
100 229
100 232
100 235
100 267
100 276
101 122
101 127
101 131
101 139
101 145
101 153
101 158
101 159
101 187
101 188
101 196
101 209
101 213
101 221
101 222
101 227
101 231
101 236
101 244
101 258
101 291
102 107
102 111
102 126
102 132
102 133
102 137
102 149
102 160
102 164
102 176
102 182
102 191
102 194
102 205
102 212
102 230
102 238
102 240
102 256
102 267
102 276
102 286
102 297
102 299
103 118
103 120
103 125
103 139
103 144
103 189
103 194
103 198
103 216
103 233
103 256
103 257
103 261
103 276
103 286
103 289
103 290
103 292
103 298
104 110
104 117
104 120
104 125
104 130
104 141
104 164
104 195
104 197
104 200
104 206
104 207
104 213
104 234
104 239
104 240
104 250
104 254
104 261
104 262
104 278
104 283
105 110
105 119
105 128
105 132
105 149
105 159
105 171
105 175
105 178
105 185
105 190
105 198
105 204
105 208
105 212
105 218
105 228
105 229
105 234
105 240
105 241
105 244
105 249
105 253
105 261
105 288
106 109
106 140
106 144
106 148
106 152
106 154
106 160
106 163
106 164
106 165
106 172
106 196
106 227
106 236
106 239
106 246
106 250
106 252
106 276
106 286
107 116
107 125
107 169
107 178
107 189
107 192
107 195
107 222
107 233
107 245
107 258
107 275
107 276
107 283
107 288
107 295
107 296
108 109
108 125
108 159
108 164
108 181
108 185
108 189
108 199
108 204
108 216
108 222
108 223
108 224
108 255
108 267
108 272
109 114
109 119
109 134
109 140
109 159
109 160
109 166
109 176
109 191
109 198
109 201
109 209
109 223
109 224
109 249
109 254
109 258
109 261
109 280
109 290
110 115
110 140
110 141
110 168
110 169
110 195
110 196
110 203
110 220
110 224
110 227
110 231
110 233
110 256
110 258
110 265
110 275
110 288
111 120
111 140
111 142
111 143
111 145
111 153
111 156
111 160
111 161
111 162
111 179
111 203
111 206
111 207
111 211
111 218
111 220
111 227
111 248
111 250
111 261
111 271
111 282
111 288
111 294
112 123
112 132
112 133
112 140
112 146
112 155
112 160
112 167
112 173
112 183
112 184
112 188
112 189
112 194
112 202
112 211
112 216
112 239
112 241
112 252
112 254
112 259
112 270
112 271
112 273
112 278
113 117
113 118
113 122
113 126
113 136
113 149
113 153
113 167
113 168
113 176
113 179
113 180
113 196
113 232
113 235
113 239
113 246
113 249
113 251
113 256
113 257
113 273
113 293
114 134
114 137
114 144
114 146
114 152
114 157
114 159
114 161
114 165
114 171
114 175
114 177
114 179
114 183
114 195
114 204
114 207
114 210
114 211
114 221
114 238
114 243
114 253
114 262
114 267
114 273
114 278
114 288
114 289
114 292
114 298
115 118
115 119
115 120
115 126
115 127
115 134
115 147
115 150
115 152
115 155
115 157
115 173
115 180
115 186
115 188
115 191
115 192
115 203
115 226
115 227
115 231
115 242
115 250
115 251
115 260
115 290
116 117
116 120
116 125
116 138
116 145
116 159
116 178
116 192
116 197
116 200
116 220
116 234
116 236
116 243
116 265
116 275
116 296
117 119
117 126
117 132
117 138
117 149
117 150
117 154
117 156
117 164
117 176
117 178
117 180
117 187
117 193
117 199
117 202
117 249
117 253
117 281
117 284
117 291
117 296
118 124
118 129
118 140
118 142
118 147
118 151
118 152
118 169
118 178
118 192
118 195
118 199
118 217
118 234
118 271
118 278
118 292
119 121
119 123
119 126
119 127
119 130
119 137
119 139
119 171
119 175
119 187
119 194
119 198
119 211
119 225
119 226
119 227
119 244
119 250
119 253
119 258
119 261
119 262
119 264
119 271
119 286
119 295
119 297
120 121
120 123
120 124
120 125
120 140
120 141
120 151
120 152
120 161
120 164
120 167
120 190
120 191
120 193
120 222
120 239
120 252
120 264
120 267
120 270
120 285
120 290
120 291
120 297
121 125
121 128
121 137
121 149
121 165
121 175
121 184
121 201
121 206
121 215
121 241
121 274
121 286
121 294
121 295
122 128
122 129
122 149
122 165
122 167
122 170
122 185
122 190
122 202
122 218
122 221
122 238
122 245
122 249
122 256
122 271
122 286
123 128
123 131
123 132
123 136
123 143
123 145
123 159
123 161
123 166
123 170
123 182
123 193
123 198
123 209
123 214
123 235
123 238
123 245
123 257
123 264
123 265
123 268
123 278
123 282
123 283
123 291
123 292
123 297
124 128
124 140
124 150
124 166
124 170
124 172
124 178
124 181
124 202
124 214
124 218
124 228
124 230
124 245
124 251
124 254
124 262
124 278
124 281
125 130
125 132
125 136
125 138
125 142
125 151
125 164
125 173
125 178
125 186
125 206
125 211
125 212
125 214
125 217
125 228
125 236
125 246
125 258
125 269
125 271
125 274
125 278
125 289
126 129
126 146
126 158
126 173
126 177
126 197
126 198
126 199
126 209
126 210
126 240
126 243
126 244
126 248
126 261
126 264
126 265
126 269
126 277
126 280
126 282
126 293
126 294
126 295
126 296
127 128
127 129
127 133
127 139
127 154
127 175
127 180
127 188
127 200
127 204
127 215
127 237
127 246
127 248
127 268
127 270
127 290
127 294
128 138
128 139
128 143
128 154
128 156
128 185
128 196
128 208
128 215
128 220
128 222
128 238
128 252
128 254
128 258
128 283
128 287
128 292
129 130
129 155
129 156
129 161
129 164
129 180
129 201
129 210
129 235
129 251
129 253
129 276
129 285
129 289
130 132
130 137
130 164
130 165
130 176
130 183
130 187
130 203
130 205
130 213
130 235
130 250
130 258
130 261
130 274
130 291
130 293
130 295
130 299
131 135
131 136
131 141
131 166
131 181
131 183
131 186
131 187
131 208
131 226
131 236
131 240
131 252
131 254
131 256
131 269
131 275
131 276
131 287
131 296
131 297
132 138
132 148
132 159
132 161
132 162
132 167
132 179
132 202
132 205
132 225
132 240
132 245
132 252
132 254
132 259
132 260
132 262
132 272
132 275
132 283
132 289
132 299
133 139
133 162
133 164
133 167
133 174
133 182
133 205
133 208
133 221
133 226
133 234
133 262
133 263
133 266
133 269
134 149
134 157
134 167
134 169
134 178
134 180
134 185
134 194
134 210
134 211
134 227
134 235
134 236
134 247
134 268
134 275
134 291
134 295
135 153
135 160
135 161
135 170
135 171
135 173
135 175
135 179
135 180
135 185
135 198
135 244
135 245
135 249
135 258
135 286
136 147
136 153
136 176
136 181
136 182
136 192
136 202
136 220
136 239
136 242
136 243
136 267
136 274
136 291
137 151
137 160
137 181
137 186
137 190
137 195
137 198
137 208
137 233
137 241
137 243
137 247
137 249
137 253
137 260
137 265
137 268
137 272
137 274
137 284
137 289
137 290
137 293
137 296
137 297
137 298
138 175
138 186
138 187
138 189
138 190
138 192
138 207
138 218
138 233
138 239
138 244
138 268
138 280
138 288
139 143
139 185
139 199
139 213
139 226
139 228
139 232
139 238
139 244
139 252
139 258
139 261
139 291
139 293
139 294
140 142
140 151
140 160
140 162
140 173
140 188
140 194
140 196
140 200
140 206
140 207
140 228
140 239
140 241
140 248
140 250
140 258
140 261
140 275
140 290
141 146
141 147
141 149
141 156
141 169
141 171
141 194
141 205
141 219
141 228
141 248
141 252
141 270
141 276
141 280
141 297
142 150
142 159
142 165
142 175
142 182
142 186
142 194
142 197
142 199
142 200
142 209
142 218
142 224
142 226
142 242
142 262
143 145
143 159
143 161
143 166
143 178
143 182
143 184
143 192
143 193
143 196
143 202
143 209
143 224
143 247
143 256
143 260
143 261
143 263
143 267
143 270
143 271
143 278
143 283
143 284
143 286
143 290
143 294
143 298
144 161
144 164
144 178
144 179
144 209
144 216
144 222
144 235
144 239
144 240
144 265
144 270
145 155
145 159
145 186
145 201
145 205
145 214
145 217
145 218
145 223
145 230
145 253
145 255
145 278
146 151
146 167
146 203
146 204
146 208
146 217
146 249
146 254
146 255
146 274
146 280
146 290
146 291
146 294
146 296
146 298
147 162
147 166
147 178
147 181
147 210
147 229
147 245
147 257
147 259
147 265
147 280
147 298
148 154
148 175
148 207
148 230
148 231
148 242
148 244
148 246
148 267
148 288
148 291
148 292
149 166
149 204
149 206
149 210
149 211
149 218
149 221
149 230
149 240
149 251
149 261
149 280
149 296
150 155
150 160
150 172
150 176
150 188
150 192
150 197
150 201
150 208
150 216
150 223
150 240
150 252
150 255
150 263
150 265
150 266
150 272
150 273
150 276
150 280
150 284
151 172
151 189
151 209
151 211
151 226
151 232
151 237
151 254
151 262
152 167
152 170
152 174
152 180
152 183
152 223
152 224
152 238
152 243
152 244
152 257
152 290
152 295
153 164
153 165
153 166
153 174
153 184
153 189
153 218
153 231
153 238
153 242
153 251
153 252
153 279
153 281
153 291
153 292
153 295
154 181
154 191
154 195
154 211
154 219
154 221
154 236
154 251
154 275
154 277
154 284
154 285
154 290
154 291
154 294
154 298
155 156
155 161
155 168
155 175
155 177
155 182
155 183
155 193
155 196
155 197
155 211
155 217
155 230
155 245
155 266
155 269
155 275
155 289
156 157
156 162
156 167
156 220
156 221
156 225
156 234
156 245
156 254
156 271
156 282
156 289
156 296
157 171
157 173
157 180
157 185
157 186
157 193
157 203
157 218
157 219
157 222
157 241
157 245
157 270
157 294
158 179
158 197
158 200
158 202
158 217
158 228
158 231
158 242
158 247
158 248
158 262
158 267
158 270
158 281
158 290
158 291
158 294
158 299
159 179
159 180
159 191
159 201
159 215
159 231
159 234
159 239
159 242
159 243
159 245
159 247
159 252
159 255
159 258
159 266
160 181
160 190
160 195
160 211
160 214
160 228
160 238
160 252
160 254
160 262
160 267
160 275
160 277
160 293
160 294
161 174
161 183
161 184
161 202
161 208
161 210
161 219
161 226
161 230
161 245
161 277
161 281
162 170
162 184
162 185
162 196
162 209
162 210
162 219
162 234
162 238
162 242
162 243
162 244
162 261
162 263
162 268
162 291
162 292
162 296
163 169
163 184
163 189
163 192
163 204
163 223
163 230
163 232
163 233
163 235
163 237
163 241
163 242
163 245
163 253
163 255
163 258
163 270
163 283
163 284
163 292
163 294
163 299
164 180
164 190
164 201
164 216
164 217
164 224
164 243
164 263
164 264
164 265
164 275
164 276
164 278
164 298
165 172
165 175
165 197
165 199
165 211
165 214
165 228
165 235
165 242
165 273
165 278
165 289
165 294
166 192
166 203
166 206
166 211
166 215
166 222
166 225
166 229
166 230
166 233
166 249
166 254
166 260
166 263
166 267
166 268
166 282
166 292
166 298
167 168
167 177
167 185
167 203
167 209
167 229
167 264
167 274
167 285
167 296
167 298
168 170
168 172
168 177
168 182
168 191
168 197
168 211
168 226
168 232
168 240
168 248
168 282
168 290
168 294
168 297
169 173
169 175
169 204
169 211
169 216
169 230
169 232
169 237
169 239
169 240
169 250
169 256
169 259
169 265
169 268
169 287
169 292
170 182
170 183
170 189
170 204
170 212
170 217
170 226
170 228
170 237
170 243
170 254
170 260
170 264
170 274
170 282
170 291
170 298
171 179
171 197
171 207
171 233
171 249
171 282
171 294
171 295
171 299
172 181
172 183
172 184
172 186
172 188
172 192
172 195
172 197
172 204
172 218
172 229
172 231
172 244
172 248
172 252
172 262
172 267
172 273
172 280
172 283
172 294
173 176
173 186
173 191
173 205
173 220
173 222
173 227
173 232
173 236
173 250
173 299
174 189
174 192
174 195
174 209
174 219
174 223
174 225
174 249
174 262
174 272
174 276
174 278
174 283
174 284
174 286
175 176
175 184
175 202
175 204
175 207
175 223
175 227
175 234
175 236
175 243
175 246
175 256
175 259
175 261
175 277
175 281
175 286
175 290
175 296
176 184
176 188
176 193
176 212
176 214
176 236
176 243
176 246
176 261
176 268
176 275
177 183
177 185
177 192
177 215
177 223
177 226
177 231
177 243
177 249
177 252
177 272
177 285
177 291
177 292
178 207
178 214
178 216
178 219
178 220
178 227
178 233
178 234
178 240
178 246
178 249
178 282
178 295
179 180
179 190
179 194
179 196
179 205
179 211
179 229
179 247
179 261
179 262
179 266
179 273
179 278
179 280
179 293
179 298
180 185
180 186
180 190
180 199
180 211
180 212
180 227
180 229
180 230
180 255
180 264
180 284
180 287
180 289
180 297
180 298
181 186
181 195
181 212
181 213
181 214
181 230
181 248
181 254
181 257
181 259
181 266
181 279
181 285
181 290
181 292
181 296
182 183
182 191
182 192
182 200
182 208
182 211
182 226
182 240
182 242
182 257
182 259
182 261
182 264
183 185
183 191
183 201
183 219
183 220
183 224
183 256
183 266
183 274
183 290
183 291
184 200
184 210
184 215
184 220
184 224
184 227
184 233
184 292
184 297
185 191
185 197
185 214
185 218
185 244
185 246
185 259
185 260
185 277
185 280
185 282
185 289
186 188
186 192
186 200
186 206
186 210
186 211
186 212
186 217
186 219
186 222
186 231
186 232
186 248
186 263
186 268
186 273
186 293
186 296
186 298
187 194
187 209
187 224
187 228
187 232
187 263
187 276
187 287
187 288
187 294
187 295
188 197
188 209
188 233
188 236
188 254
188 273
188 295
189 192
189 197
189 199
189 204
189 219
189 225
189 230
189 233
189 240
189 250
189 252
189 258
189 271
189 278
189 291
189 296
190 204
190 208
190 211
190 226
190 231
190 246
190 255
190 257
190 261
190 268
190 282
190 294
190 299
191 200
191 204
191 205
191 209
191 222
191 223
191 228
191 242
191 256
191 264
191 294
192 208
192 222
192 226
192 242
192 244
192 252
192 261
192 266
192 270
192 277
193 194
193 200
193 204
193 207
193 208
193 210
193 214
193 215
193 218
193 225
193 241
193 242
193 252
193 271
193 274
193 296
194 211
194 216
194 224
194 233
194 265
194 278
194 286
194 293
194 296
195 198
195 212
195 214
195 215
195 242
195 256
195 261
195 266
195 270
195 277
195 279
195 283
195 285
195 287
195 291
196 201
196 208
196 211
196 231
196 239
196 245
196 248
196 253
196 254
196 255
196 262
196 268
196 275
196 293
197 211
197 221
197 228
197 233
197 245
197 254
197 262
197 265
197 272
197 275
197 276
197 290
197 295
197 297
197 298
198 200
198 203
198 211
198 213
198 235
198 240
198 247
198 253
198 264
198 265
198 287
198 288
198 293
198 294
199 203
199 207
199 210
199 212
199 232
199 239
199 257
199 297
199 299
200 202
200 205
200 212
200 216
200 219
200 233
200 249
200 252
200 266
200 270
200 271
200 272
200 284
200 285
200 293
200 295
201 217
201 220
201 231
201 242
201 247
201 249
201 273
201 276
202 203
202 204
202 229
202 267
202 271
202 277
202 284
202 289
203 205
203 208
203 219
203 222
203 234
203 237
203 245
203 247
203 249
203 253
203 254
203 255
203 258
203 270
203 275
203 281
203 282
203 288
203 295
203 298
204 208
204 218
204 225
204 240
204 242
204 250
204 261
204 265
204 274
204 290
204 295
205 235
205 252
205 253
205 262
205 263
205 266
205 271
205 273
205 274
205 280
205 286
205 293
205 298
206 222
206 230
206 236
206 239
206 246
206 269
206 275
206 277
206 280
206 283
206 289
207 215
207 220
207 230
207 233
207 237
207 240
207 250
207 257
207 260
207 278
207 281
207 295
208 212
208 226
208 241
208 254
208 260
208 261
208 263
208 268
208 283
209 218
209 224
209 245
209 247
209 260
209 270
209 276
209 284
209 290
209 299
210 214
210 227
210 232
210 238
210 242
210 244
210 251
210 256
210 268
210 293
211 227
211 236
211 244
211 267
211 272
211 278
211 286
211 298
212 217
212 227
212 229
212 240
212 249
212 252
212 269
212 277
213 215
213 221
213 223
213 244
213 246
213 263
213 269
213 278
213 282
214 225
214 237
214 246
214 251
214 270
214 278
214 285
214 297
215 226
215 228
215 234
215 255
215 256
215 260
215 265
215 266
215 282
216 248
216 253
216 254
216 266
216 267
216 271
216 272
216 275
216 285
216 290
216 291
216 297
216 299
217 218
217 222
217 235
217 241
217 264
217 267
217 281
217 289
218 219
218 224
218 228
218 229
218 234
218 245
218 260
218 265
218 272
218 292
218 299
219 221
219 237
219 260
219 274
219 281
219 285
219 286
219 291
220 230
220 233
220 248
220 253
220 255
220 261
220 263
220 264
220 271
220 272
220 275
220 296
220 298
221 234
221 236
221 262
221 265
221 289
221 296
222 230
222 232
222 234
222 252
222 265
222 267
222 279
223 226
223 229
223 230
223 251
223 266
223 268
223 291
224 251
224 252
224 264
224 287
224 289
224 290
224 292
224 293
225 228
225 237
225 243
225 244
225 245
225 256
225 258
225 275
225 277
225 283
225 292
226 230
226 238
226 249
226 251
226 257
226 262
226 263
226 273
226 275
226 276
226 278
226 282
226 286
226 295
226 298
227 237
227 254
227 265
227 281
227 294
227 297
228 251
228 262
228 275
228 286
228 298
229 233
229 253
229 263
229 281
229 284
229 296
229 299
230 234
230 239
230 242
230 243
230 262
230 281
230 286
230 291
230 296
231 233
231 237
231 239
231 268
231 269
231 275
231 294
231 295
231 296
231 297
232 235
232 236
232 239
232 241
232 248
232 255
232 261
232 262
232 272
233 236
233 245
233 253
233 255
233 264
233 269
233 288
233 290
233 291
233 299
234 236
234 243
234 246
234 252
234 260
234 261
234 273
234 285
234 298
235 238
235 241
235 242
235 269
235 272
235 276
236 240
236 246
236 250
236 253
236 254
236 260
236 282
236 286
236 293
236 297
237 241
237 283
237 294
237 295
238 247
238 251
238 255
238 257
238 262
238 281
238 282
238 285
238 299
239 244
239 257
239 261
239 274
239 286
239 293
239 297
240 249
240 257
240 270
240 273
240 276
240 290
241 245
241 254
241 258
241 266
241 295
242 254
242 262
242 271
242 298
243 246
243 269
243 280
243 283
243 284
243 285
244 259
244 260
244 262
244 273
244 275
244 278
244 285
244 292
245 259
245 266
246 253
246 255
246 256
246 269
246 299
247 249
247 253
247 254
247 257
247 277
247 289
247 292
248 276
248 278
248 279
249 253
249 259
249 264
249 273
249 283
249 287
250 254
250 260
250 263
250 291
250 294
250 298
251 258
251 261
251 273
251 280
251 283
251 285
251 286
251 289
251 295
252 257
252 258
252 280
252 283
252 292
252 296
253 259
253 262
253 268
253 275
253 278
253 293
254 259
254 263
254 265
254 266
254 271
254 289
254 293
254 297
255 260
255 278
255 282
255 283
255 288
255 290
256 268
256 276
256 280
256 294
257 261
257 263
257 266
257 278
257 280
257 282
257 288
257 299
258 259
258 265
258 273
258 274
259 260
259 267
259 270
259 280
259 284
259 293
260 270
260 272
260 287
260 288
260 293
260 295
261 281
261 286
261 290
261 291
262 271
262 275
262 277
262 286
262 293
262 297
262 298
262 299
263 282
263 286
263 287
263 297
264 276
264 292
264 296
265 289
265 291
266 281
266 283
266 287
267 293
268 270
268 292
269 271
269 280
269 281
269 290
269 292
270 283
270 292
270 296
270 299
271 279
271 281
271 284
271 299
272 273
272 294
272 297
273 274
274 277
274 292
274 299
275 280
275 286
275 292
275 293
276 279
276 295
277 290
277 295
277 298
278 281
278 285
278 288
278 293
281 288
282 289
282 294
283 295
283 299
284 292
284 295
284 296
285 295
286 298
287 299
288 292
290 298
291 293
291 295
291 297
294 295
295 299
298 299

