1
90 300
0 3
0 22
0 24
0 41
0 42
0 50
0 69
0 74
0 76
0 77
0 88
1 6
1 24
1 64
1 72
2 18
2 34
2 37
2 38
2 42
2 67
3 16
3 26
3 27
3 41
3 46
3 47
3 51
3 63
3 77
4 15
4 44
4 56
4 65
4 79
5 25
5 41
5 52
5 74
5 75
6 9
6 10
6 12
6 20
6 24
6 46
6 54
6 60
6 77
6 80
6 86
7 18
7 34
7 39
7 41
7 52
7 84
8 23
8 33
8 55
8 67
8 71
9 36
9 63
9 72
9 79
9 83
9 85
9 87
9 89
10 24
10 54
10 64
11 32
11 53
11 54
11 69
11 78
12 28
12 44
12 52
12 60
12 66
12 69
12 88
13 23
13 37
13 45
13 49
13 60
13 77
13 81
14 20
14 55
14 57
14 78
14 89
15 24
15 34
15 52
15 53
15 55
15 56
15 76
15 78
15 85
16 29
16 37
16 38
16 73
17 33
17 46
17 73
17 81
17 83
17 88
18 19
18 45
18 47
18 75
18 77
18 79
19 26
19 27
19 39
19 53
19 71
19 84
19 88
20 34
20 44
20 77
21 27
21 45
21 53
21 89
22 47
22 56
22 71
22 80
23 28
23 52
23 55
23 62
23 68
23 72
23 87
24 52
25 28
25 54
25 58
26 34
26 51
26 53
26 68
26 84
26 89
27 46
27 70
27 88
28 51
28 53
28 75
29 33
29 35
29 65
29 74
29 80
30 40
30 44
30 53
30 56
30 57
30 59
30 65
30 88
31 32
31 36
31 45
31 52
31 68
31 85
32 35
32 37
32 38
32 73
32 79
32 80
32 85
33 38
33 76
33 81
33 83
34 43
34 45
34 49
34 57
34 69
34 82
35 38
35 40
35 45
35 59
35 66
36 44
36 45
36 46
36 53
36 55
37 60
38 41
38 43
38 75
39 57
39 64
40 52
40 56
40 66
40 71
40 83
40 87
41 68
41 69
41 70
41 83
41 88
42 51
42 66
42 87
43 47
43 62
43 78
45 55
45 64
45 86
46 54
46 58
46 72
47 57
48 49
48 53
48 89
49 51
49 65
49 68
49 89
50 69
50 71
51 68
51 72
51 77
53 63
53 65
53 73
54 69
54 75
54 78
54 80
54 84
54 86
55 81
58 66
58 70
58 76
58 84
59 72
59 84
60 81
61 80
63 71
63 88
64 69
64 75
65 71
65 78
65 88
66 80
66 82
66 84
67 73
67 77
67 89
68 89
69 75
69 79
69 83
70 79
72 74
72 82
72 84
75 88
76 79
76 88
77 83
78 79
78 88
79 80
80 86
81 89
82 85

