1
95 2500
0 1
0 2
0 4
0 6
0 10
0 12
0 15
0 16
0 18
0 19
0 20
0 24
0 26
0 28
0 30
0 32
0 36
0 40
0 41
0 44
0 45
0 46
0 50
0 52
0 53
0 54
0 56
0 57
0 58
0 59
0 60
0 61
0 62
0 64
0 67
0 69
0 70
0 71
0 72
0 73
0 74
0 77
0 78
0 79
0 80
0 83
0 84
0 85
0 88
0 89
1 4
1 7
1 8
1 10
1 11
1 14
1 15
1 20
1 24
1 26
1 27
1 28
1 34
1 35
1 36
1 37
1 38
1 39
1 40
1 42
1 45
1 46
1 48
1 50
1 51
1 53
1 55
1 58
1 59
1 60
1 62
1 63
1 66
1 71
1 72
1 73
1 76
1 84
1 87
1 88
1 89
1 90
2 4
2 5
2 7
2 9
2 11
2 12
2 13
2 14
2 15
2 16
2 18
2 19
2 21
2 22
2 23
2 26
2 27
2 28
2 29
2 30
2 32
2 33
2 34
2 35
2 36
2 37
2 39
2 40
2 42
2 43
2 44
2 46
2 48
2 51
2 52
2 53
2 55
2 56
2 58
2 60
2 61
2 65
2 66
2 68
2 69
2 71
2 72
2 73
2 75
2 77
2 84
2 86
2 88
2 90
2 91
2 92
2 94
3 7
3 8
3 12
3 13
3 16
3 17
3 18
3 20
3 22
3 23
3 24
3 29
3 31
3 32
3 35
3 36
3 37
3 39
3 41
3 42
3 43
3 45
3 46
3 47
3 48
3 50
3 51
3 52
3 54
3 55
3 57
3 60
3 61
3 62
3 64
3 65
3 66
3 67
3 68
3 69
3 70
3 72
3 73
3 76
3 77
3 78
3 80
3 81
3 82
3 83
3 86
3 88
3 89
3 90
3 92
4 5
4 6
4 7
4 9
4 10
4 12
4 14
4 18
4 21
4 22
4 23
4 24
4 25
4 26
4 28
4 30
4 31
4 32
4 34
4 35
4 36
4 37
4 40
4 43
4 46
4 47
4 48
4 49
4 56
4 58
4 59
4 61
4 62
4 63
4 65
4 66
4 67
4 68
4 71
4 72
4 73
4 74
4 75
4 76
4 77
4 82
4 83
4 84
4 87
4 89
4 93
5 6
5 7
5 11
5 13
5 14
5 15
5 16
5 17
5 18
5 19
5 20
5 23
5 24
5 25
5 27
5 28
5 29
5 30
5 32
5 33
5 34
5 36
5 37
5 38
5 41
5 42
5 44
5 46
5 53
5 55
5 56
5 57
5 59
5 60
5 62
5 63
5 64
5 67
5 68
5 70
5 73
5 77
5 78
5 79
5 81
5 82
5 83
5 84
5 85
5 86
5 87
5 88
5 89
5 91
5 92
5 93
5 94
6 9
6 11
6 13
6 14
6 15
6 16
6 17
6 19
6 20
6 23
6 24
6 25
6 29
6 30
6 32
6 35
6 36
6 37
6 38
6 39
6 40
6 41
6 46
6 50
6 51
6 52
6 53
6 54
6 55
6 56
6 57
6 64
6 65
6 67
6 69
6 70
6 71
6 73
6 74
6 77
6 78
6 82
6 85
6 86
6 87
6 89
6 90
6 91
6 93
7 8
7 11
7 15
7 16
7 17
7 20
7 21
7 22
7 23
7 24
7 26
7 28
7 29
7 30
7 31
7 32
7 34
7 39
7 40
7 43
7 47
7 52
7 53
7 55
7 56
7 57
7 58
7 61
7 62
7 65
7 69
7 71
7 72
7 73
7 75
7 77
7 79
7 80
7 81
7 83
7 84
7 85
7 86
7 87
7 89
7 91
7 93
8 9
8 10
8 12
8 17
8 19
8 21
8 22
8 23
8 26
8 27
8 28
8 30
8 31
8 33
8 35
8 36
8 40
8 41
8 42
8 43
8 44
8 45
8 46
8 47
8 49
8 56
8 57
8 59
8 60
8 65
8 67
8 68
8 70
8 72
8 73
8 76
8 77
8 78
8 79
8 82
8 84
8 87
8 89
8 90
8 93
9 10
9 11
9 14
9 15
9 16
9 17
9 18
9 19
9 21
9 22
9 23
9 24
9 26
9 27
9 28
9 29
9 30
9 32
9 34
9 36
9 38
9 39
9 41
9 42
9 43
9 44
9 45
9 46
9 47
9 48
9 49
9 51
9 52
9 53
9 54
9 56
9 58
9 59
9 61
9 63
9 64
9 67
9 68
9 71
9 73
9 75
9 76
9 77
9 78
9 80
9 81
9 83
9 85
9 86
9 88
9 89
9 90
9 92
9 93
10 11
10 13
10 14
10 15
10 16
10 19
10 21
10 23
10 24
10 27
10 29
10 32
10 33
10 34
10 35
10 36
10 37
10 38
10 40
10 43
10 44
10 46
10 49
10 51
10 55
10 58
10 59
10 61
10 63
10 64
10 66
10 67
10 69
10 70
10 72
10 76
10 77
10 78
10 80
10 82
10 83
10 84
10 88
10 90
10 92
10 94
11 12
11 13
11 15
11 16
11 18
11 20
11 23
11 25
11 26
11 27
11 28
11 29
11 30
11 31
11 32
11 33
11 34
11 37
11 38
11 42
11 44
11 45
11 46
11 48
11 50
11 55
11 56
11 57
11 58
11 59
11 60
11 61
11 62
11 64
11 65
11 66
11 67
11 73
11 76
11 77
11 78
11 79
11 81
11 83
11 84
11 92
11 94
12 13
12 14
12 15
12 17
12 18
12 24
12 29
12 30
12 31
12 33
12 36
12 40
12 42
12 43
12 44
12 45
12 46
12 48
12 49
12 50
12 52
12 53
12 57
12 61
12 67
12 70
12 72
12 73
12 74
12 75
12 78
12 79
12 80
12 82
12 83
12 86
12 87
12 88
12 89
12 90
12 91
12 93
12 94
13 14
13 16
13 17
13 18
13 20
13 22
13 24
13 26
13 28
13 29
13 30
13 31
13 32
13 33
13 36
13 37
13 39
13 40
13 41
13 46
13 47
13 48
13 49
13 52
13 53
13 54
13 56
13 58
13 59
13 60
13 64
13 67
13 68
13 71
13 76
13 78
13 79
13 82
13 84
13 85
13 86
13 87
13 90
13 91
13 92
13 93
13 94
14 15
14 17
14 19
14 20
14 22
14 23
14 25
14 26
14 27
14 28
14 29
14 30
14 32
14 33
14 35
14 36
14 37
14 38
14 39
14 40
14 41
14 42
14 43
14 49
14 52
14 53
14 54
14 55
14 56
14 57
14 60
14 61
14 62
14 63
14 64
14 65
14 66
14 68
14 69
14 70
14 72
14 73
14 74
14 76
14 77
14 80
14 81
14 83
14 86
14 88
14 89
14 90
14 91
15 16
15 19
15 21
15 22
15 23
15 30
15 31
15 32
15 33
15 35
15 36
15 41
15 42
15 44
15 45
15 46
15 49
15 51
15 54
15 56
15 57
15 58
15 59
15 60
15 63
15 64
15 66
15 68
15 69
15 71
15 73
15 74
15 75
15 76
15 77
15 78
15 81
15 82
15 83
15 84
15 85
15 86
15 89
15 93
15 94
16 19
16 21
16 22
16 23
16 24
16 25
16 26
16 27
16 29
16 34
16 35
16 36
16 39
16 43
16 44
16 46
16 48
16 50
16 52
16 53
16 54
16 55
16 56
16 59
16 60
16 62
16 65
16 69
16 73
16 76
16 82
16 83
16 85
16 87
16 90
16 91
16 92
16 93
17 18
17 20
17 24
17 26
17 27
17 29
17 31
17 37
17 40
17 43
17 47
17 49
17 50
17 51
17 53
17 55
17 59
17 63
17 64
17 67
17 68
17 70
17 73
17 74
17 75
17 76
17 79
17 80
17 81
17 82
17 84
17 87
17 90
17 92
17 94
18 19
18 22
18 23
18 25
18 28
18 30
18 31
18 34
18 37
18 39
18 42
18 43
18 44
18 45
18 46
18 47
18 49
18 51
18 52
18 53
18 56
18 57
18 58
18 59
18 60
18 61
18 64
18 65
18 66
18 69
18 71
18 75
18 80
18 81
18 86
18 89
18 90
18 91
18 93
18 94
19 20
19 22
19 23
19 26
19 27
19 29
19 30
19 31
19 33
19 34
19 35
19 36
19 37
19 40
19 41
19 42
19 43
19 45
19 46
19 47
19 49
19 50
19 51
19 52
19 53
19 55
19 57
19 61
19 64
19 65
19 67
19 68
19 70
19 71
19 72
19 73
19 74
19 75
19 76
19 78
19 79
19 80
19 81
19 85
19 86
19 88
19 89
19 90
19 91
19 92
19 94
20 21
20 22
20 23
20 24
20 27
20 29
20 30
20 31
20 32
20 33
20 34
20 35
20 37
20 40
20 41
20 44
20 49
20 51
20 53
20 55
20 56
20 57
20 59
20 62
20 63
20 64
20 65
20 66
20 67
20 69
20 72
20 74
20 75
20 76
20 78
20 80
20 81
20 82
20 83
20 85
20 88
20 90
20 92
20 93
20 94
21 23
21 24
21 25
21 27
21 28
21 31
21 32
21 33
21 34
21 35
21 37
21 39
21 40
21 42
21 43
21 44
21 54
21 55
21 57
21 60
21 61
21 63
21 65
21 67
21 70
21 74
21 76
21 77
21 81
21 82
21 84
21 88
21 89
21 90
21 91
21 94
22 23
22 26
22 27
22 28
22 29
22 30
22 31
22 33
22 35
22 36
22 42
22 46
22 47
22 48
22 50
22 51
22 52
22 54
22 55
22 56
22 58
22 59
22 60
22 64
22 65
22 67
22 71
22 77
22 78
22 79
22 84
22 89
22 91
22 94
23 25
23 27
23 28
23 29
23 30
23 33
23 34
23 36
23 37
23 38
23 39
23 42
23 43
23 45
23 46
23 48
23 49
23 50
23 51
23 52
23 53
23 54
23 55
23 60
23 61
23 62
23 64
23 66
23 68
23 72
23 73
23 74
23 78
23 80
23 84
23 85
23 87
23 88
23 91
23 92
23 93
24 26
24 27
24 31
24 32
24 33
24 34
24 35
24 36
24 38
24 39
24 42
24 45
24 46
24 47
24 48
24 50
24 54
24 56
24 57
24 58
24 59
24 63
24 64
24 65
24 67
24 70
24 71
24 72
24 74
24 76
24 77
24 78
24 79
24 80
24 81
24 83
24 84
24 88
24 89
24 90
24 91
25 26
25 27
25 29
25 31
25 33
25 36
25 37
25 44
25 45
25 50
25 51
25 56
25 57
25 58
25 59
25 60
25 61
25 63
25 68
25 69
25 70
25 71
25 73
25 74
25 75
25 78
25 80
25 82
25 85
25 86
25 87
25 89
25 91
25 92
25 94
26 27
26 31
26 34
26 35
26 39
26 40
26 50
26 51
26 52
26 53
26 56
26 57
26 58
26 59
26 60
26 61
26 62
26 66
26 68
26 69
26 70
26 72
26 75
26 76
26 80
26 82
26 83
26 85
26 87
26 90
26 91
26 92
26 94
27 28
27 29
27 33
27 34
27 37
27 39
27 42
27 43
27 44
27 45
27 46
27 47
27 48
27 49
27 51
27 53
27 56
27 57
27 58
27 61
27 65
27 66
27 72
27 74
27 75
27 81
27 82
27 84
27 85
27 87
27 90
27 91
27 93
27 94
28 29
28 31
28 33
28 35
28 36
28 37
28 39
28 40
28 41
28 50
28 52
28 53
28 55
28 58
28 62
28 63
28 64
28 65
28 67
28 68
28 69
28 70
28 72
28 76
28 77
28 79
28 80
28 81
28 82
28 83
28 84
28 85
28 86
28 87
28 88
28 91
28 92
28 93
29 30
29 31
29 32
29 34
29 35
29 36
29 38
29 39
29 40
29 44
29 45
29 47
29 48
29 50
29 51
29 52
29 53
29 54
29 57
29 58
29 59
29 60
29 62
29 63
29 66
29 68
29 74
29 75
29 76
29 77
29 80
29 81
29 82
29 83
29 84
29 85
29 87
29 89
29 90
29 92
29 93
29 94
30 31
30 32
30 33
30 34
30 35
30 36
30 39
30 40
30 42
30 45
30 46
30 47
30 48
30 50
30 51
30 52
30 53
30 54
30 55
30 56
30 57
30 58
30 60
30 61
30 62
30 63
30 66
30 67
30 69
30 71
30 72
30 73
30 75
30 76
30 78
30 79
30 80
30 83
30 85
30 86
30 89
30 90
30 92
30 93
30 94
31 34
31 36
31 37
31 38
31 42
31 46
31 51
31 52
31 54
31 55
31 56
31 58
31 61
31 62
31 65
31 66
31 69
31 70
31 71
31 79
31 81
31 83
31 84
31 86
31 87
31 88
31 89
31 91
31 93
31 94
32 33
32 34
32 37
32 40
32 42
32 45
32 46
32 49
32 51
32 57
32 58
32 59
32 62
32 63
32 64
32 65
32 68
32 71
32 72
32 73
32 75
32 76
32 77
32 79
32 82
32 83
32 84
32 85
32 86
32 87
32 88
32 89
32 90
32 91
33 34
33 35
33 37
33 38
33 40
33 41
33 42
33 45
33 47
33 48
33 49
33 50
33 51
33 54
33 55
33 56
33 58
33 60
33 61
33 62
33 63
33 65
33 66
33 67
33 69
33 73
33 74
33 75
33 77
33 78
33 82
33 84
33 85
33 86
33 91
33 92
33 93
33 94
34 36
34 38
34 40
34 42
34 43
34 44
34 46
34 47
34 50
34 52
34 53
34 55
34 56
34 57
34 58
34 59
34 60
34 64
34 65
34 66
34 67
34 69
34 71
34 72
34 73
34 74
34 76
34 78
34 80
34 82
34 84
34 86
34 87
34 89
34 90
34 93
35 36
35 39
35 41
35 43
35 47
35 48
35 52
35 54
35 55
35 56
35 57
35 58
35 59
35 60
35 61
35 62
35 64
35 65
35 67
35 68
35 69
35 71
35 74
35 75
35 78
35 80
35 81
35 83
35 84
35 85
35 86
35 87
35 90
35 92
35 93
35 94
36 37
36 39
36 40
36 41
36 42
36 43
36 45
36 46
36 47
36 49
36 51
36 53
36 55
36 57
36 58
36 59
36 60
36 66
36 67
36 68
36 71
36 73
36 76
36 80
36 82
36 83
36 84
36 85
36 86
36 89
36 91
36 92
37 38
37 40
37 41
37 42
37 43
37 45
37 47
37 48
37 50
37 53
37 54
37 58
37 60
37 61
37 62
37 64
37 65
37 66
37 71
37 72
37 74
37 75
37 76
37 78
37 80
37 82
37 85
37 90
37 91
37 92
37 94
38 40
38 41
38 42
38 43
38 46
38 48
38 50
38 52
38 53
38 57
38 60
38 61
38 64
38 65
38 66
38 67
38 68
38 70
38 73
38 75
38 80
38 82
38 83
38 84
38 86
38 88
38 89
38 91
38 92
39 41
39 45
39 47
39 49
39 50
39 51
39 53
39 57
39 58
39 59
39 63
39 64
39 66
39 68
39 69
39 70
39 71
39 72
39 75
39 76
39 77
39 80
39 82
39 84
39 87
39 90
39 92
39 93
39 94
40 42
40 43
40 44
40 45
40 46
40 47
40 48
40 49
40 50
40 51
40 54
40 56
40 57
40 58
40 61
40 62
40 64
40 66
40 67
40 69
40 70
40 73
40 76
40 80
40 82
40 83
40 85
40 88
40 90
40 91
40 93
41 42
41 43
41 45
41 47
41 50
41 52
41 53
41 59
41 61
41 62
41 63
41 64
41 65
41 66
41 69
41 71
41 72
41 73
41 74
41 76
41 77
41 78
41 79
41 80
41 81
41 82
41 83
41 84
41 85
41 87
41 92
42 43
42 46
42 50
42 52
42 54
42 56
42 58
42 60
42 62
42 63
42 65
42 66
42 67
42 68
42 70
42 73
42 75
42 76
42 78
42 79
42 80
42 82
42 84
42 86
42 88
42 94
43 44
43 47
43 49
43 51
43 53
43 54
43 55
43 56
43 57
43 60
43 61
43 63
43 67
43 68
43 69
43 75
43 76
43 77
43 78
43 80
43 83
43 86
43 87
43 90
43 91
43 92
43 93
44 46
44 47
44 48
44 50
44 51
44 53
44 55
44 56
44 57
44 59
44 64
44 66
44 68
44 70
44 72
44 73
44 74
44 76
44 79
44 80
44 82
44 83
44 84
44 85
44 86
44 87
44 89
44 91
44 94
45 46
45 49
45 50
45 51
45 55
45 60
45 62
45 63
45 64
45 65
45 66
45 67
45 68
45 70
45 71
45 72
45 75
45 76
45 78
45 82
45 84
45 86
45 88
45 91
45 93
46 49
46 50
46 51
46 52
46 53
46 54
46 55
46 56
46 61
46 62
46 64
46 66
46 67
46 70
46 72
46 74
46 75
46 76
46 77
46 78
46 79
46 80
46 82
46 83
46 84
46 85
46 86
46 87
46 88
46 90
46 91
46 94
47 49
47 50
47 51
47 54
47 55
47 60
47 61
47 62
47 65
47 68
47 72
47 73
47 74
47 75
47 77
47 78
47 79
47 80
47 81
47 83
47 87
47 91
47 92
47 93
47 94
48 49
48 50
48 51
48 54
48 55
48 56
48 59
48 60
48 62
48 65
48 66
48 67
48 68
48 69
48 70
48 71
48 73
48 75
48 78
48 80
48 81
48 82
48 83
48 85
48 86
48 87
48 90
48 91
48 92
48 94
49 51
49 53
49 54
49 56
49 59
49 61
49 63
49 65
49 66
49 68
49 70
49 71
49 72
49 73
49 74
49 75
49 76
49 79
49 80
49 81
49 82
49 83
49 88
49 89
49 91
49 92
49 94
50 51
50 54
50 55
50 56
50 58
50 60
50 62
50 63
50 64
50 65
50 67
50 68
50 69
50 79
50 80
50 81
50 83
50 85
50 90
50 91
50 93
50 94
51 52
51 53
51 54
51 57
51 58
51 62
51 63
51 64
51 65
51 66
51 68
51 69
51 74
51 76
51 77
51 78
51 81
51 82
51 85
51 86
51 87
51 88
51 89
51 91
51 93
51 94
52 53
52 55
52 56
52 59
52 60
52 61
52 62
52 63
52 64
52 68
52 69
52 70
52 72
52 75
52 77
52 80
52 81
52 90
52 91
52 93
52 94
53 56
53 57
53 59
53 60
53 62
53 63
53 70
53 71
53 72
53 73
53 76
53 77
53 78
53 79
53 82
53 83
53 84
53 85
53 87
53 88
53 90
53 91
53 92
53 93
54 55
54 58
54 59
54 60
54 63
54 64
54 65
54 67
54 69
54 71
54 73
54 74
54 75
54 77
54 79
54 80
54 81
54 90
54 91
54 92
54 94
55 58
55 59
55 60
55 61
55 62
55 63
55 66
55 67
55 69
55 70
55 72
55 74
55 79
55 80
55 81
55 83
55 84
55 85
55 86
55 87
55 88
55 89
55 92
55 93
55 94
56 57
56 59
56 60
56 64
56 65
56 70
56 71
56 72
56 74
56 75
56 79
56 80
56 83
56 84
56 86
56 89
56 90
56 92
56 94
57 58
57 59
57 60
57 63
57 64
57 66
57 68
57 69
57 71
57 72
57 74
57 76
57 77
57 80
57 82
57 87
57 88
57 89
57 90
57 92
57 93
57 94
58 60
58 61
58 67
58 68
58 70
58 71
58 72
58 73
58 76
58 79
58 82
58 83
58 84
58 85
58 92
58 93
58 94
59 61
59 63
59 65
59 69
59 71
59 75
59 76
59 77
59 78
59 80
59 81
59 82
59 84
59 85
59 86
59 88
59 90
59 92
60 63
60 65
60 66
60 71
60 72
60 73
60 74
60 75
60 78
60 79
60 81
60 84
60 85
60 86
60 88
60 89
60 93
61 62
61 63
61 64
61 65
61 67
61 68
61 70
61 71
61 72
61 74
61 75
61 77
61 80
61 84
61 85
61 86
61 87
61 88
61 90
61 91
61 92
61 93
61 94
62 64
62 65
62 67
62 68
62 69
62 70
62 73
62 74
62 76
62 77
62 78
62 79
62 80
62 81
62 82
62 83
62 84
62 89
62 91
63 67
63 71
63 72
63 74
63 75
63 78
63 79
63 80
63 86
63 87
63 88
63 90
63 92
63 93
63 94
64 65
64 66
64 67
64 68
64 69
64 70
64 71
64 75
64 78
64 82
64 84
64 85
64 86
64 87
64 89
64 91
64 92
64 94
65 68
65 69
65 71
65 73
65 74
65 75
65 76
65 77
65 85
65 87
65 89
65 90
65 92
65 94
66 67
66 70
66 71
66 72
66 77
66 78
66 79
66 80
66 81
66 82
66 84
66 85
66 86
66 92
66 93
66 94
67 68
67 69
67 75
67 77
67 80
67 81
67 82
67 88
67 89
67 91
67 92
67 93
67 94
68 69
68 71
68 72
68 73
68 77
68 78
68 80
68 81
68 82
68 92
68 93
68 94
69 70
69 74
69 76
69 77
69 78
69 79
69 83
69 84
69 85
69 86
69 87
69 89
69 90
70 73
70 74
70 75
70 76
70 78
70 79
70 82
70 83
70 84
70 88
70 90
70 91
70 92
70 93
70 94
71 76
71 77
71 78
71 79
71 80
71 82
71 83
71 84
71 85
71 87
71 90
71 94
72 74
72 75
72 76
72 81
72 82
72 85
72 90
72 91
72 92
72 94
73 76
73 78
73 80
73 81
73 83
73 85
73 88
73 89
73 90
73 91
73 92
74 75
74 78
74 80
74 81
74 82
74 84
74 85
74 86
74 90
74 92
74 93
74 94
75 77
75 78
75 83
75 84
75 85
75 86
75 87
75 88
75 89
75 90
75 93
75 94
76 77
76 79
76 81
76 82
76 83
76 84
76 85
76 87
76 90
76 92
76 93
76 94
77 78
77 79
77 81
77 85
77 86
77 87
77 88
77 91
77 93
78 80
78 81
78 83
78 87
78 88
78 90
78 93
78 94
79 80
79 81
79 82
79 83
79 85
79 87
79 89
79 93
79 94
80 81
80 83
80 88
80 91
80 92
80 94
81 83
81 84
81 85
81 86
81 88
81 89
81 91
81 92
81 93
81 94
82 87
82 88
82 90
82 91
82 92
82 93
83 84
83 85
83 86
83 87
83 92
84 87
84 88
84 89
84 90
84 91
85 86
85 88
85 92
85 93
86 88
86 90
86 91
86 92
86 93
86 94
87 88
87 91
87 92
87 94
88 89
88 90
88 93
88 94
89 91
89 92
89 93
89 94
91 92
91 94

