1
300 10000
0 1
0 11
0 13
0 17
0 18
0 19
0 22
0 29
0 30
0 34
0 42
0 45
0 49
0 50
0 51
0 53
0 54
0 55
0 63
0 69
0 72
0 74
0 85
0 87
0 102
0 105
0 106
0 117
0 119
0 125
0 128
0 136
0 138
0 141
0 142
0 143
0 145
0 146
0 147
0 158
0 159
0 161
0 164
0 170
0 171
0 172
0 178
0 180
0 190
0 193
0 199
0 201
0 205
0 207
0 210
0 212
0 220
0 225
0 230
0 236
0 246
0 247
0 249
0 250
0 251
0 253
0 268
0 269
0 273
0 274
0 277
0 279
0 286
0 289
0 292
0 297
0 298
1 4
1 5
1 17
1 26
1 29
1 30
1 41
1 48
1 52
1 53
1 61
1 66
1 73
1 74
1 88
1 92
1 96
1 106
1 109
1 115
1 117
1 119
1 121
1 122
1 124
1 138
1 145
1 147
1 153
1 155
1 156
1 157
1 171
1 173
1 174
1 175
1 176
1 178
1 180
1 186
1 193
1 198
1 214
1 217
1 226
1 232
1 235
1 238
1 243
1 244
1 248
1 257
1 258
1 262
1 266
1 269
1 272
1 278
1 285
1 293
2 6
2 7
2 14
2 21
2 22
2 25
2 26
2 28
2 31
2 33
2 39
2 42
2 43
2 51
2 55
2 56
2 58
2 62
2 63
2 68
2 71
2 74
2 83
2 91
2 92
2 93
2 98
2 100
2 104
2 105
2 111
2 121
2 132
2 135
2 137
2 141
2 146
2 147
2 153
2 155
2 156
2 157
2 160
2 166
2 169
2 174
2 176
2 178
2 183
2 184
2 191
2 192
2 195
2 202
2 203
2 212
2 216
2 218
2 228
2 232
2 235
2 237
2 238
2 251
2 256
2 258
2 266
2 275
2 282
2 295
3 4
3 9
3 16
3 20
3 23
3 33
3 35
3 37
3 48
3 49
3 52
3 60
3 61
3 63
3 67
3 70
3 71
3 72
3 75
3 82
3 84
3 87
3 92
3 93
3 96
3 100
3 101
3 106
3 107
3 109
3 110
3 115
3 120
3 128
3 129
3 131
3 143
3 153
3 155
3 156
3 158
3 163
3 169
3 186
3 195
3 199
3 203
3 212
3 215
3 218
3 221
3 222
3 223
3 230
3 244
3 248
3 249
3 253
3 263
3 267
3 271
3 273
3 275
3 280
3 281
3 282
3 290
3 293
3 299
4 9
4 10
4 16
4 20
4 26
4 43
4 49
4 51
4 55
4 57
4 62
4 71
4 75
4 76
4 78
4 80
4 81
4 86
4 87
4 89
4 91
4 92
4 98
4 100
4 106
4 111
4 114
4 132
4 138
4 139
4 143
4 147
4 151
4 158
4 161
4 167
4 168
4 176
4 180
4 183
4 189
4 190
4 195
4 206
4 219
4 231
4 241
4 242
4 244
4 248
4 251
4 256
4 258
4 261
4 262
4 270
4 272
4 277
4 285
4 291
4 295
4 297
5 10
5 11
5 19
5 25
5 27
5 32
5 37
5 42
5 59
5 61
5 67
5 76
5 81
5 88
5 93
5 96
5 98
5 101
5 106
5 110
5 120
5 121
5 127
5 128
5 137
5 143
5 147
5 149
5 150
5 152
5 153
5 158
5 160
5 161
5 163
5 164
5 165
5 167
5 172
5 176
5 178
5 179
5 184
5 188
5 190
5 195
5 200
5 206
5 208
5 209
5 210
5 217
5 218
5 223
5 229
5 230
5 231
5 233
5 236
5 237
5 238
5 244
5 249
5 250
5 252
5 254
5 260
5 273
5 277
5 279
5 283
5 296
6 10
6 15
6 32
6 36
6 44
6 45
6 47
6 55
6 59
6 60
6 63
6 67
6 69
6 72
6 82
6 87
6 99
6 105
6 108
6 114
6 116
6 118
6 126
6 130
6 131
6 138
6 139
6 144
6 145
6 149
6 150
6 157
6 166
6 169
6 178
6 181
6 184
6 186
6 190
6 192
6 194
6 195
6 204
6 211
6 213
6 219
6 224
6 227
6 239
6 241
6 242
6 255
6 259
6 260
6 261
6 263
6 265
6 268
6 279
6 282
6 288
6 290
6 291
6 292
6 296
7 12
7 14
7 16
7 20
7 22
7 26
7 33
7 39
7 41
7 45
7 49
7 50
7 52
7 64
7 65
7 81
7 86
7 88
7 92
7 93
7 94
7 101
7 103
7 105
7 113
7 121
7 122
7 128
7 140
7 141
7 142
7 147
7 150
7 157
7 176
7 179
7 184
7 191
7 193
7 202
7 207
7 211
7 212
7 214
7 216
7 229
7 237
7 243
7 246
7 255
7 269
7 279
7 282
7 286
7 293
7 295
8 9
8 10
8 14
8 20
8 23
8 33
8 42
8 43
8 44
8 46
8 47
8 48
8 52
8 60
8 61
8 71
8 88
8 89
8 90
8 96
8 120
8 129
8 133
8 136
8 138
8 142
8 144
8 146
8 150
8 158
8 164
8 165
8 168
8 175
8 183
8 188
8 191
8 201
8 203
8 205
8 215
8 218
8 226
8 229
8 236
8 247
8 255
8 256
8 258
8 264
8 266
8 271
8 272
8 273
8 277
8 285
8 292
8 294
8 295
8 299
9 10
9 12
9 18
9 22
9 23
9 26
9 41
9 42
9 50
9 53
9 54
9 55
9 57
9 59
9 60
9 62
9 63
9 64
9 67
9 79
9 93
9 98
9 100
9 102
9 104
9 107
9 109
9 111
9 116
9 118
9 120
9 123
9 132
9 133
9 138
9 144
9 145
9 154
9 158
9 161
9 165
9 166
9 167
9 169
9 178
9 180
9 183
9 186
9 193
9 194
9 195
9 197
9 198
9 212
9 218
9 220
9 227
9 228
9 229
9 239
9 244
9 249
9 256
9 258
9 259
9 262
9 273
9 278
9 283
9 287
9 291
9 294
9 297
9 299
10 11
10 14
10 27
10 29
10 30
10 33
10 36
10 37
10 43
10 48
10 59
10 61
10 67
10 69
10 70
10 78
10 88
10 109
10 117
10 142
10 145
10 149
10 160
10 165
10 167
10 169
10 173
10 176
10 179
10 184
10 189
10 206
10 213
10 214
10 217
10 218
10 225
10 230
10 232
10 235
10 236
10 238
10 247
10 258
10 266
10 275
10 288
10 289
10 290
10 291
10 293
10 296
10 298
11 14
11 15
11 17
11 27
11 36
11 40
11 43
11 53
11 58
11 72
11 78
11 81
11 82
11 95
11 102
11 106
11 107
11 108
11 118
11 124
11 126
11 128
11 129
11 130
11 138
11 142
11 145
11 146
11 147
11 150
11 153
11 158
11 159
11 162
11 165
11 180
11 183
11 193
11 202
11 203
11 204
11 207
11 214
11 215
11 216
11 223
11 228
11 232
11 237
11 238
11 249
11 259
11 262
11 274
11 275
11 276
11 277
11 278
11 282
11 291
11 295
12 13
12 21
12 35
12 43
12 47
12 52
12 54
12 55
12 58
12 61
12 66
12 69
12 76
12 77
12 78
12 80
12 84
12 87
12 91
12 96
12 98
12 103
12 104
12 111
12 116
12 117
12 119
12 130
12 133
12 136
12 139
12 147
12 149
12 155
12 157
12 160
12 162
12 164
12 169
12 173
12 174
12 179
12 181
12 182
12 183
12 189
12 200
12 204
12 216
12 228
12 231
12 234
12 237
12 243
12 244
12 248
12 250
12 254
12 262
12 263
12 264
12 265
12 268
12 269
12 278
12 281
12 288
12 295
12 298
13 16
13 22
13 30
13 35
13 36
13 53
13 56
13 57
13 63
13 65
13 67
13 68
13 74
13 77
13 79
13 96
13 97
13 105
13 106
13 112
13 115
13 120
13 122
13 130
13 132
13 133
13 142
13 143
13 173
13 174
13 182
13 192
13 196
13 199
13 200
13 201
13 203
13 204
13 208
13 212
13 217
13 222
13 227
13 231
13 232
13 233
13 235
13 237
13 242
13 244
13 246
13 247
13 249
13 250
13 257
13 265
13 267
13 269
13 282
13 291
13 292
13 299
14 15
14 23
14 43
14 45
14 66
14 72
14 74
14 76
14 83
14 88
14 92
14 99
14 101
14 102
14 103
14 110
14 111
14 116
14 121
14 141
14 143
14 145
14 152
14 160
14 164
14 174
14 177
14 178
14 181
14 182
14 185
14 194
14 196
14 199
14 200
14 208
14 217
14 221
14 225
14 231
14 238
14 242
14 250
14 260
14 261
14 262
14 267
14 268
14 269
14 276
14 277
14 285
14 286
14 289
14 292
15 24
15 25
15 27
15 34
15 35
15 37
15 40
15 52
15 55
15 63
15 69
15 71
15 85
15 88
15 92
15 101
15 105
15 111
15 112
15 121
15 122
15 125
15 130
15 134
15 141
15 142
15 147
15 150
15 152
15 154
15 157
15 174
15 185
15 186
15 190
15 192
15 201
15 214
15 216
15 217
15 227
15 230
15 237
15 241
15 245
15 248
15 251
15 254
15 257
15 264
15 267
15 270
15 277
15 282
16 22
16 24
16 25
16 30
16 33
16 39
16 45
16 47
16 50
16 56
16 60
16 63
16 65
16 70
16 79
16 84
16 99
16 101
16 102
16 103
16 112
16 113
16 120
16 122
16 125
16 129
16 130
16 131
16 139
16 143
16 150
16 158
16 162
16 164
16 165
16 176
16 178
16 179
16 192
16 193
16 197
16 201
16 202
16 204
16 207
16 214
16 216
16 220
16 227
16 232
16 239
16 240
16 252
16 255
16 261
16 262
16 271
16 272
16 274
16 275
16 286
16 288
16 289
16 291
16 294
16 296
17 20
17 22
17 32
17 34
17 38
17 49
17 51
17 52
17 57
17 58
17 61
17 64
17 69
17 73
17 77
17 88
17 95
17 98
17 99
17 102
17 108
17 112
17 116
17 118
17 125
17 135
17 142
17 144
17 151
17 153
17 158
17 163
17 167
17 168
17 171
17 183
17 191
17 192
17 194
17 196
17 199
17 201
17 203
17 205
17 208
17 209
17 210
17 216
17 217
17 223
17 228
17 234
17 236
17 237
17 238
17 239
17 246
17 253
17 257
17 263
17 266
17 269
17 272
17 280
17 289
17 291
17 293
18 20
18 24
18 45
18 46
18 48
18 49
18 57
18 62
18 65
18 68
18 73
18 74
18 75
18 81
18 82
18 85
18 91
18 94
18 95
18 103
18 105
18 115
18 121
18 123
18 127
18 138
18 150
18 152
18 163
18 164
18 165
18 169
18 170
18 172
18 175
18 182
18 187
18 190
18 195
18 199
18 201
18 209
18 219
18 220
18 222
18 225
18 232
18 239
18 242
18 249
18 252
18 255
18 264
18 268
18 270
18 287
19 20
19 22
19 26
19 27
19 30
19 31
19 46
19 52
19 58
19 59
19 60
19 61
19 65
19 67
19 70
19 71
19 72
19 74
19 77
19 80
19 84
19 86
19 91
19 92
19 94
19 108
19 110
19 112
19 125
19 126
19 129
19 136
19 143
19 148
19 150
19 151
19 166
19 168
19 170
19 171
19 177
19 183
19 184
19 185
19 187
19 189
19 190
19 191
19 202
19 203
19 209
19 210
19 211
19 228
19 234
19 242
19 246
19 251
19 255
19 261
19 263
19 269
19 271
19 272
19 276
19 278
19 285
19 291
19 296
19 298
20 25
20 30
20 31
20 34
20 44
20 46
20 47
20 51
20 58
20 59
20 62
20 64
20 69
20 70
20 71
20 85
20 95
20 101
20 103
20 105
20 113
20 115
20 116
20 120
20 121
20 124
20 127
20 129
20 134
20 136
20 137
20 140
20 145
20 151
20 153
20 156
20 162
20 166
20 172
20 179
20 186
20 191
20 194
20 196
20 209
20 222
20 223
20 227
20 231
20 235
20 237
20 239
20 241
20 244
20 245
20 247
20 255
20 257
20 262
20 266
20 267
20 284
20 285
20 288
20 292
20 294
20 295
21 23
21 28
21 33
21 39
21 40
21 46
21 47
21 56
21 57
21 62
21 73
21 80
21 82
21 100
21 105
21 106
21 116
21 120
21 121
21 122
21 134
21 135
21 149
21 157
21 158
21 161
21 163
21 171
21 172
21 186
21 197
21 202
21 207
21 211
21 214
21 216
21 218
21 222
21 226
21 234
21 236
21 240
21 241
21 247
21 254
21 264
21 272
21 273
21 274
21 279
21 287
21 288
21 289
21 296
21 299
22 23
22 25
22 29
22 31
22 34
22 42
22 44
22 55
22 56
22 57
22 58
22 64
22 71
22 80
22 88
22 92
22 93
22 96
22 100
22 108
22 111
22 119
22 121
22 122
22 125
22 128
22 131
22 138
22 141
22 149
22 154
22 155
22 167
22 173
22 176
22 177
22 188
22 189
22 192
22 193
22 204
22 206
22 209
22 217
22 220
22 224
22 227
22 229
22 230
22 250
22 252
22 254
22 263
22 266
22 270
22 271
22 274
22 277
22 278
22 286
22 295
23 24
23 30
23 37
23 40
23 50
23 52
23 53
23 57
23 71
23 78
23 81
23 86
23 87
23 93
23 94
23 96
23 98
23 103
23 106
23 114
23 124
23 127
23 130
23 134
23 136
23 148
23 154
23 161
23 163
23 167
23 175
23 179
23 181
23 184
23 194
23 196
23 197
23 208
23 211
23 215
23 221
23 227
23 231
23 233
23 235
23 238
23 244
23 247
23 250
23 251
23 255
23 257
23 259
23 264
23 266
23 271
23 282
23 286
23 289
23 290
23 291
23 293
23 299
24 30
24 33
24 35
24 39
24 40
24 47
24 48
24 52
24 54
24 57
24 61
24 64
24 65
24 66
24 69
24 72
24 75
24 89
24 93
24 97
24 102
24 106
24 107
24 110
24 112
24 114
24 120
24 121
24 134
24 141
24 146
24 153
24 160
24 161
24 166
24 168
24 177
24 178
24 185
24 186
24 188
24 194
24 198
24 202
24 203
24 208
24 209
24 219
24 220
24 225
24 228
24 229
24 233
24 238
24 239
24 241
24 244
24 245
24 247
24 249
24 253
24 254
24 256
24 260
24 266
24 270
24 273
24 277
24 280
24 281
24 283
24 291
24 293
25 26
25 31
25 32
25 33
25 34
25 36
25 42
25 45
25 46
25 51
25 59
25 65
25 67
25 73
25 75
25 83
25 85
25 86
25 90
25 96
25 110
25 114
25 119
25 123
25 125
25 129
25 137
25 139
25 140
25 144
25 151
25 154
25 162
25 163
25 169
25 171
25 175
25 186
25 189
25 190
25 192
25 195
25 201
25 202
25 212
25 221
25 223
25 230
25 235
25 244
25 247
25 249
25 250
25 257
25 258
25 260
25 267
25 268
25 269
25 272
25 275
25 283
25 288
25 295
26 38
26 39
26 44
26 45
26 47
26 48
26 51
26 60
26 61
26 65
26 66
26 67
26 71
26 76
26 84
26 89
26 93
26 94
26 98
26 102
26 106
26 112
26 117
26 121
26 133
26 137
26 138
26 146
26 163
26 169
26 170
26 171
26 174
26 176
26 191
26 192
26 194
26 205
26 212
26 218
26 219
26 220
26 224
26 225
26 226
26 234
26 235
26 241
26 245
26 246
26 248
26 253
26 259
26 261
26 262
26 266
26 271
26 272
26 274
26 275
26 276
26 279
26 284
26 288
26 291
26 295
26 297
27 28
27 33
27 36
27 46
27 47
27 52
27 57
27 60
27 65
27 73
27 78
27 81
27 92
27 99
27 101
27 106
27 117
27 134
27 139
27 144
27 146
27 149
27 156
27 157
27 159
27 166
27 168
27 172
27 175
27 177
27 188
27 193
27 196
27 198
27 202
27 203
27 206
27 207
27 209
27 229
27 230
27 231
27 234
27 244
27 245
27 246
27 250
27 251
27 259
27 269
27 283
27 290
27 295
28 30
28 32
28 34
28 44
28 51
28 53
28 57
28 62
28 74
28 79
28 85
28 90
28 105
28 115
28 116
28 118
28 130
28 133
28 139
28 142
28 145
28 159
28 160
28 162
28 177
28 179
28 181
28 191
28 193
28 199
28 202
28 212
28 216
28 217
28 222
28 223
28 227
28 236
28 238
28 242
28 243
28 246
28 247
28 248
28 252
28 254
28 255
28 259
28 265
28 282
29 31
29 34
29 39
29 40
29 44
29 45
29 49
29 55
29 67
29 69
29 78
29 80
29 81
29 82
29 88
29 108
29 118
29 130
29 131
29 133
29 142
29 145
29 146
29 147
29 149
29 151
29 155
29 160
29 162
29 166
29 168
29 173
29 185
29 196
29 212
29 215
29 217
29 218
29 224
29 226
29 234
29 242
29 243
29 248
29 259
29 283
29 284
29 289
29 290
29 292
30 31
30 41
30 47
30 52
30 69
30 72
30 73
30 79
30 87
30 93
30 94
30 103
30 126
30 131
30 134
30 143
30 157
30 158
30 162
30 171
30 172
30 177
30 179
30 180
30 184
30 195
30 198
30 210
30 211
30 214
30 215
30 219
30 220
30 224
30 225
30 226
30 229
30 233
30 237
30 238
30 240
30 243
30 244
30 249
30 256
30 257
30 264
30 274
30 275
30 276
30 278
30 279
30 281
30 293
30 295
30 296
30 299
31 34
31 37
31 43
31 49
31 50
31 54
31 61
31 68
31 75
31 77
31 86
31 88
31 92
31 104
31 109
31 115
31 116
31 117
31 120
31 132
31 133
31 135
31 136
31 143
31 144
31 147
31 149
31 158
31 159
31 165
31 170
31 171
31 177
31 181
31 182
31 183
31 194
31 204
31 207
31 213
31 218
31 219
31 220
31 222
31 237
31 240
31 241
31 247
31 248
31 250
31 252
31 263
31 264
31 274
31 279
31 282
31 287
31 295
31 299
32 33
32 36
32 59
32 68
32 69
32 76
32 81
32 86
32 87
32 89
32 91
32 92
32 93
32 94
32 96
32 99
32 109
32 112
32 124
32 131
32 133
32 152
32 157
32 158
32 160
32 175
32 183
32 194
32 210
32 213
32 216
32 217
32 220
32 222
32 231
32 232
32 233
32 234
32 241
32 242
32 247
32 248
32 253
32 254
32 261
32 266
32 276
32 277
32 279
32 280
32 281
32 298
33 44
33 45
33 47
33 49
33 51
33 52
33 60
33 62
33 66
33 67
33 69
33 74
33 75
33 82
33 85
33 96
33 98
33 99
33 111
33 118
33 121
33 123
33 129
33 137
33 147
33 151
33 152
33 153
33 156
33 165
33 169
33 172
33 173
33 174
33 175
33 177
33 184
33 189
33 191
33 192
33 198
33 199
33 200
33 203
33 206
33 224
33 235
33 247
33 267
33 268
33 270
33 277
33 280
33 296
33 298
34 38
34 39
34 41
34 43
34 45
34 46
34 48
34 50
34 55
34 61
34 62
34 65
34 66
34 72
34 79
34 82
34 94
34 100
34 110
34 112
34 114
34 118
34 121
34 145
34 148
34 149
34 150
34 152
34 154
34 157
34 164
34 165
34 171
34 178
34 179
34 180
34 184
34 187
34 189
34 206
34 211
34 216
34 217
34 218
34 226
34 228
34 248
34 254
34 255
34 258
34 260
34 261
34 263
34 265
34 269
34 280
34 288
34 289
34 290
34 291
34 294
34 298
34 299
35 42
35 48
35 50
35 53
35 57
35 60
35 66
35 67
35 70
35 85
35 87
35 90
35 91
35 92
35 98
35 99
35 112
35 123
35 124
35 126
35 127
35 133
35 136
35 138
35 139
35 140
35 145
35 152
35 154
35 155
35 159
35 161
35 165
35 175
35 176
35 186
35 187
35 189
35 194
35 195
35 200
35 201
35 203
35 206
35 208
35 210
35 212
35 217
35 218
35 219
35 220
35 223
35 225
35 228
35 231
35 236
35 237
35 248
35 256
35 261
35 263
35 270
35 271
35 272
35 276
35 285
35 286
35 297
35 298
35 299
36 41
36 43
36 44
36 49
36 55
36 61
36 74
36 75
36 78
36 81
36 86
36 89
36 115
36 118
36 120
36 122
36 125
36 127
36 131
36 132
36 134
36 137
36 138
36 140
36 149
36 159
36 169
36 176
36 187
36 188
36 195
36 197
36 202
36 205
36 213
36 221
36 222
36 223
36 224
36 228
36 245
36 248
36 259
36 266
36 269
36 278
36 287
36 289
36 294
36 296
37 42
37 44
37 47
37 53
37 54
37 55
37 66
37 68
37 78
37 79
37 83
37 91
37 93
37 103
37 107
37 118
37 120
37 125
37 126
37 127
37 130
37 131
37 133
37 139
37 142
37 157
37 158
37 159
37 161
37 164
37 167
37 182
37 183
37 186
37 187
37 188
37 189
37 190
37 192
37 193
37 195
37 199
37 211
37 212
37 213
37 214
37 216
37 218
37 242
37 249
37 250
37 252
37 263
37 266
37 267
37 273
37 274
37 278
37 284
37 289
37 292
38 41
38 56
38 58
38 72
38 75
38 76
38 83
38 86
38 89
38 99
38 100
38 102
38 104
38 106
38 107
38 108
38 122
38 126
38 132
38 135
38 141
38 142
38 147
38 150
38 151
38 158
38 159
38 163
38 165
38 182
38 190
38 202
38 206
38 213
38 215
38 218
38 227
38 229
38 233
38 236
38 237
38 243
38 245
38 247
38 251
38 253
38 254
38 259
38 262
38 263
38 264
38 271
38 273
38 280
38 294
39 43
39 45
39 47
39 51
39 60
39 65
39 68
39 71
39 72
39 75
39 77
39 89
39 96
39 97
39 98
39 100
39 107
39 108
39 110
39 117
39 118
39 120
39 123
39 124
39 125
39 126
39 132
39 136
39 141
39 142
39 143
39 145
39 148
39 159
39 169
39 170
39 174
39 177
39 178
39 182
39 189
39 194
39 203
39 204
39 205
39 210
39 223
39 225
39 236
39 239
39 244
39 250
39 251
39 260
39 262
39 267
39 279
39 280
39 292
39 294
40 41
40 43
40 51
40 54
40 67
40 75
40 78
40 83
40 85
40 87
40 89
40 90
40 106
40 108
40 120
40 128
40 130
40 132
40 136
40 138
40 141
40 142
40 146
40 153
40 159
40 171
40 177
40 178
40 187
40 193
40 196
40 201
40 209
40 212
40 213
40 216
40 220
40 228
40 229
40 236
40 238
40 241
40 243
40 251
40 254
40 261
40 264
40 278
40 279
40 287
40 288
40 289
40 292
41 46
41 47
41 50
41 52
41 55
41 57
41 64
41 67
41 68
41 71
41 77
41 80
41 81
41 92
41 100
41 102
41 103
41 105
41 107
41 111
41 112
41 113
41 116
41 120
41 121
41 124
41 138
41 139
41 143
41 144
41 146
41 148
41 156
41 161
41 172
41 173
41 179
41 194
41 195
41 199
41 206
41 210
41 219
41 222
41 223
41 226
41 227
41 231
41 235
41 241
41 243
41 248
41 254
41 260
41 263
41 267
41 271
41 279
41 282
41 283
41 287
41 288
41 291
41 292
42 44
42 46
42 52
42 66
42 67
42 69
42 70
42 73
42 76
42 96
42 98
42 99
42 103
42 109
42 112
42 118
42 120
42 129
42 136
42 143
42 144
42 150
42 153
42 158
42 169
42 170
42 184
42 186
42 192
42 201
42 211
42 214
42 216
42 228
42 229
42 231
42 235
42 237
42 245
42 248
42 268
42 270
42 271
42 279
42 281
42 287
42 294
42 295
42 299
43 46
43 53
43 57
43 58
43 83
43 92
43 95
43 96
43 108
43 121
43 122
43 124
43 125
43 130
43 133
43 135
43 138
43 145
43 152
43 167
43 169
43 170
43 172
43 173
43 174
43 176
43 178
43 190
43 191
43 195
43 202
43 210
43 217
43 221
43 222
43 229
43 230
43 231
43 232
43 240
43 246
43 248
43 250
43 251
43 267
43 268
43 270
43 276
43 286
43 289
43 293
43 295
43 296
43 297
44 46
44 54
44 59
44 61
44 62
44 64
44 67
44 70
44 72
44 73
44 74
44 78
44 82
44 83
44 86
44 96
44 98
44 112
44 116
44 117
44 127
44 129
44 142
44 144
44 145
44 166
44 174
44 177
44 178
44 183
44 186
44 189
44 192
44 194
44 196
44 205
44 208
44 212
44 219
44 221
44 228
44 233
44 240
44 247
44 252
44 263
44 288
45 47
45 49
45 54
45 60
45 62
45 63
45 65
45 66
45 69
45 71
45 73
45 74
45 77
45 79
45 80
45 86
45 88
45 92
45 96
45 106
45 107
45 108
45 113
45 114
45 117
45 125
45 132
45 136
45 138
45 163
45 171
45 173
45 178
45 180
45 182
45 184
45 191
45 192
45 195
45 198
45 199
45 205
45 207
45 210
45 218
45 224
45 227
45 229
45 233
45 234
45 237
45 238
45 240
45 241
45 249
45 253
45 257
45 259
45 262
45 264
45 265
45 268
45 271
45 276
45 277
45 279
45 282
45 285
45 289
45 292
45 296
46 47
46 57
46 59
46 69
46 74
46 82
46 84
46 85
46 96
46 99
46 106
46 108
46 109
46 116
46 119
46 122
46 123
46 127
46 132
46 145
46 148
46 153
46 154
46 157
46 161
46 164
46 168
46 176
46 186
46 188
46 194
46 201
46 204
46 205
46 206
46 224
46 232
46 240
46 245
46 251
46 258
46 279
46 290
46 292
46 296
47 66
47 74
47 75
47 76
47 82
47 83
47 84
47 87
47 93
47 94
47 95
47 103
47 108
47 112
47 130
47 134
47 151
47 161
47 164
47 168
47 169
47 171
47 175
47 179
47 182
47 187
47 191
47 192
47 195
47 196
47 210
47 213
47 214
47 217
47 221
47 228
47 230
47 243
47 245
47 251
47 256
47 268
47 275
47 276
47 294
47 296
47 297
47 298
48 51
48 54
48 56
48 58
48 62
48 68
48 69
48 71
48 76
48 81
48 88
48 96
48 97
48 103
48 109
48 114
48 115
48 135
48 139
48 143
48 148
48 151
48 152
48 154
48 156
48 161
48 165
48 166
48 179
48 188
48 192
48 198
48 204
48 206
48 227
48 233
48 235
48 238
48 239
48 246
48 253
48 263
48 267
48 271
48 277
48 282
48 284
48 286
48 295
48 296
48 297
49 50
49 56
49 58
49 63
49 64
49 77
49 79
49 81
49 83
49 92
49 97
49 99
49 104
49 109
49 115
49 126
49 130
49 145
49 147
49 152
49 156
49 158
49 161
49 162
49 166
49 167
49 184
49 193
49 197
49 198
49 201
49 206
49 207
49 212
49 215
49 217
49 223
49 232
49 239
49 240
49 243
49 245
49 246
49 247
49 253
49 257
49 258
49 264
49 266
49 276
49 283
49 285
49 286
49 288
49 293
49 295
49 296
50 53
50 54
50 55
50 56
50 59
50 63
50 65
50 68
50 69
50 70
50 79
50 81
50 87
50 88
50 89
50 91
50 100
50 101
50 104
50 105
50 107
50 109
50 114
50 115
50 117
50 122
50 132
50 144
50 148
50 153
50 158
50 167
50 173
50 176
50 185
50 186
50 190
50 193
50 196
50 199
50 216
50 220
50 224
50 226
50 233
50 246
50 248
50 252
50 253
50 254
50 262
50 267
50 268
50 279
50 285
50 286
50 292
50 295
51 52
51 55
51 59
51 61
51 64
51 69
51 72
51 74
51 81
51 85
51 89
51 90
51 92
51 96
51 102
51 103
51 109
51 110
51 140
51 146
51 150
51 158
51 160
51 161
51 168
51 172
51 181
51 182
51 189
51 195
51 203
51 204
51 205
51 206
51 207
51 212
51 213
51 221
51 230
51 231
51 235
51 237
51 239
51 244
51 248
51 249
51 254
51 261
51 279
51 289
52 56
52 59
52 62
52 67
52 70
52 75
52 77
52 80
52 81
52 84
52 85
52 86
52 87
52 88
52 97
52 101
52 105
52 113
52 114
52 123
52 145
52 147
52 155
52 156
52 158
52 159
52 165
52 170
52 183
52 184
52 190
52 194
52 197
52 198
52 202
52 204
52 208
52 209
52 212
52 213
52 214
52 215
52 221
52 222
52 224
52 230
52 236
52 237
52 242
52 249
52 253
52 255
52 256
52 267
52 273
52 274
52 277
52 278
52 282
52 286
52 288
52 291
52 297
52 298
53 56
53 59
53 62
53 63
53 68
53 75
53 81
53 89
53 94
53 98
53 99
53 108
53 109
53 111
53 112
53 115
53 118
53 121
53 126
53 130
53 138
53 139
53 151
53 152
53 155
53 161
53 162
53 163
53 165
53 176
53 180
53 183
53 184
53 197
53 199
53 207
53 208
53 209
53 213
53 216
53 233
53 235
53 250
53 252
53 259
53 266
53 270
53 272
53 278
53 286
53 287
53 288
53 289
53 290
53 291
53 292
53 297
53 298
54 55
54 65
54 67
54 68
54 69
54 76
54 81
54 82
54 83
54 86
54 87
54 89
54 91
54 95
54 106
54 115
54 126
54 127
54 131
54 133
54 136
54 142
54 143
54 147
54 151
54 153
54 159
54 163
54 173
54 174
54 175
54 176
54 178
54 180
54 182
54 193
54 199
54 200
54 209
54 213
54 215
54 228
54 232
54 236
54 245
54 246
54 256
54 261
54 277
54 283
54 287
54 288
54 292
54 295
54 297
54 298
55 60
55 62
55 63
55 65
55 67
55 71
55 89
55 92
55 117
55 120
55 124
55 127
55 136
55 141
55 153
55 158
55 159
55 169
55 170
55 176
55 180
55 181
55 183
55 193
55 198
55 201
55 216
55 222
55 233
55 235
55 236
55 243
55 248
55 251
55 263
55 271
55 273
55 276
55 278
55 279
55 283
55 285
55 288
55 296
55 299
56 60
56 63
56 69
56 70
56 72
56 74
56 77
56 79
56 80
56 81
56 90
56 100
56 102
56 106
56 113
56 114
56 118
56 120
56 124
56 127
56 129
56 137
56 144
56 145
56 155
56 156
56 158
56 159
56 165
56 172
56 175
56 178
56 182
56 187
56 188
56 195
56 196
56 200
56 201
56 205
56 209
56 210
56 216
56 221
56 224
56 230
56 237
56 238
56 245
56 252
56 259
56 264
56 279
56 280
56 282
56 283
56 289
56 293
56 296
56 297
57 62
57 64
57 75
57 88
57 90
57 93
57 94
57 98
57 102
57 108
57 109
57 111
57 114
57 116
57 117
57 128
57 130
57 132
57 140
57 145
57 148
57 149
57 150
57 158
57 164
57 167
57 169
57 177
57 178
57 180
57 193
57 194
57 197
57 207
57 224
57 227
57 236
57 237
57 238
57 249
57 253
57 254
57 258
57 259
57 262
57 263
57 265
57 267
57 276
57 287
57 288
58 60
58 65
58 66
58 70
58 73
58 76
58 85
58 87
58 93
58 95
58 99
58 101
58 113
58 114
58 121
58 122
58 126
58 128
58 130
58 131
58 136
58 143
58 144
58 148
58 153
58 157
58 164
58 167
58 170
58 185
58 189
58 190
58 195
58 196
58 199
58 216
58 221
58 225
58 226
58 227
58 228
58 240
58 241
58 252
58 254
58 258
58 260
58 265
58 266
58 270
58 272
58 276
58 277
58 279
58 284
58 293
58 296
58 298
58 299
59 67
59 69
59 72
59 81
59 84
59 85
59 87
59 89
59 91
59 95
59 97
59 99
59 104
59 109
59 114
59 120
59 122
59 124
59 127
59 133
59 135
59 151
59 158
59 159
59 167
59 170
59 171
59 175
59 185
59 194
59 196
59 198
59 205
59 210
59 213
59 215
59 224
59 226
59 239
59 241
59 246
59 259
59 284
59 285
59 293
59 295
60 66
60 68
60 74
60 90
60 97
60 102
60 103
60 107
60 111
60 116
60 117
60 123
60 124
60 125
60 128
60 133
60 137
60 141
60 146
60 147
60 148
60 150
60 161
60 162
60 166
60 168
60 174
60 178
60 183
60 185
60 190
60 197
60 199
60 200
60 205
60 210
60 214
60 215
60 220
60 221
60 230
60 232
60 235
60 236
60 237
60 240
60 243
60 246
60 247
60 249
60 259
60 263
60 266
60 268
60 272
60 281
60 283
60 284
60 285
60 288
60 290
61 66
61 80
61 96
61 101
61 102
61 104
61 115
61 116
61 118
61 120
61 128
61 137
61 152
61 155
61 165
61 169
61 174
61 178
61 179
61 181
61 185
61 190
61 192
61 195
61 196
61 199
61 200
61 219
61 222
61 226
61 229
61 232
61 234
61 243
61 247
61 249
61 256
61 257
61 258
61 259
61 265
61 266
61 268
61 270
61 275
61 276
61 280
61 297
62 68
62 71
62 78
62 85
62 97
62 98
62 100
62 111
62 117
62 119
62 134
62 143
62 144
62 151
62 153
62 156
62 157
62 160
62 161
62 168
62 170
62 172
62 177
62 179
62 191
62 195
62 200
62 203
62 205
62 212
62 213
62 215
62 219
62 220
62 222
62 230
62 236
62 238
62 240
62 241
62 245
62 251
62 257
62 261
62 266
62 273
62 278
62 282
62 283
62 284
62 286
62 298
63 72
63 78
63 81
63 87
63 97
63 101
63 103
63 107
63 110
63 112
63 116
63 117
63 118
63 129
63 135
63 137
63 141
63 142
63 147
63 150
63 155
63 157
63 161
63 163
63 175
63 179
63 184
63 186
63 188
63 200
63 201
63 209
63 213
63 222
63 225
63 234
63 235
63 236
63 250
63 251
63 252
63 253
63 255
63 259
63 261
63 265
63 267
63 269
63 273
63 277
63 282
63 292
64 65
64 69
64 76
64 80
64 81
64 87
64 89
64 90
64 102
64 105
64 109
64 111
64 119
64 122
64 128
64 130
64 133
64 135
64 136
64 142
64 148
64 150
64 152
64 154
64 160
64 163
64 164
64 170
64 172
64 175
64 180
64 186
64 196
64 205
64 208
64 214
64 223
64 224
64 227
64 233
64 245
64 246
64 249
64 258
64 259
64 262
64 263
64 267
64 268
64 279
64 280
64 281
64 282
64 289
64 291
64 293
64 298
65 81
65 85
65 87
65 103
65 107
65 109
65 112
65 116
65 124
65 139
65 142
65 145
65 146
65 150
65 151
65 153
65 154
65 155
65 160
65 167
65 169
65 171
65 173
65 174
65 178
65 184
65 185
65 194
65 201
65 203
65 204
65 208
65 220
65 224
65 225
65 226
65 227
65 229
65 230
65 235
65 241
65 242
65 243
65 244
65 252
65 257
65 265
65 270
65 282
65 285
65 296
66 67
66 69
66 71
66 75
66 84
66 97
66 111
66 113
66 115
66 118
66 121
66 122
66 132
66 133
66 135
66 137
66 141
66 145
66 150
66 154
66 161
66 167
66 170
66 172
66 178
66 182
66 186
66 198
66 199
66 206
66 208
66 213
66 227
66 239
66 241
66 243
66 254
66 256
66 257
66 266
66 269
66 281
66 298
67 72
67 73
67 79
67 83
67 84
67 90
67 98
67 101
67 103
67 106
67 116
67 117
67 127
67 132
67 136
67 140
67 145
67 149
67 154
67 155
67 157
67 162
67 163
67 164
67 172
67 177
67 179
67 184
67 188
67 190
67 194
67 197
67 202
67 205
67 216
67 217
67 221
67 226
67 230
67 241
67 247
67 248
67 250
67 263
67 264
67 272
67 276
67 283
67 284
67 285
67 286
67 287
67 294
67 299
68 69
68 70
68 77
68 83
68 98
68 104
68 106
68 110
68 115
68 116
68 118
68 120
68 123
68 124
68 126
68 129
68 130
68 132
68 133
68 138
68 141
68 150
68 151
68 153
68 154
68 160
68 168
68 176
68 186
68 195
68 197
68 198
68 206
68 212
68 222
68 230
68 233
68 237
68 239
68 240
68 249
68 252
68 256
68 266
68 267
68 271
68 272
68 275
68 280
68 282
68 288
68 289
68 291
68 295
68 296
69 77
69 78
69 83
69 85
69 91
69 93
69 95
69 99
69 103
69 111
69 114
69 117
69 120
69 132
69 136
69 138
69 139
69 156
69 161
69 165
69 168
69 174
69 182
69 183
69 190
69 195
69 199
69 211
69 212
69 217
69 219
69 222
69 226
69 227
69 229
69 230
69 238
69 240
69 241
69 245
69 248
69 252
69 255
69 257
69 263
69 273
69 275
69 276
69 280
69 283
69 290
69 295
69 298
69 299
70 77
70 82
70 86
70 98
70 104
70 113
70 117
70 118
70 120
70 124
70 126
70 129
70 133
70 140
70 144
70 154
70 156
70 157
70 158
70 162
70 163
70 166
70 168
70 171
70 173
70 178
70 179
70 185
70 193
70 196
70 198
70 205
70 208
70 211
70 213
70 220
70 233
70 240
70 242
70 260
70 266
70 267
70 273
70 274
70 278
70 281
70 282
70 285
70 288
70 289
70 290
70 293
70 294
70 298
71 79
71 81
71 82
71 83
71 89
71 91
71 100
71 103
71 106
71 111
71 120
71 124
71 130
71 132
71 133
71 137
71 141
71 150
71 153
71 156
71 158
71 160
71 163
71 166
71 167
71 168
71 171
71 184
71 187
71 190
71 195
71 198
71 202
71 208
71 224
71 230
71 233
71 240
71 248
71 252
71 258
71 261
71 267
71 274
71 275
71 279
71 295
71 298
72 77
72 83
72 92
72 96
72 104
72 110
72 113
72 115
72 116
72 127
72 129
72 134
72 135
72 136
72 140
72 143
72 152
72 156
72 157
72 164
72 167
72 172
72 187
72 193
72 194
72 199
72 200
72 204
72 209
72 214
72 215
72 218
72 222
72 228
72 233
72 241
72 244
72 245
72 248
72 252
72 255
72 264
72 267
72 270
72 275
72 280
72 283
72 287
72 294
72 298
73 75
73 79
73 83
73 87
73 103
73 110
73 120
73 123
73 129
73 131
73 134
73 143
73 154
73 157
73 160
73 161
73 162
73 163
73 164
73 171
73 174
73 180
73 183
73 185
73 189
73 194
73 195
73 197
73 204
73 206
73 208
73 211
73 216
73 223
73 227
73 234
73 235
73 246
73 260
73 262
73 266
73 271
73 279
73 282
73 283
73 286
74 76
74 84
74 88
74 90
74 99
74 106
74 111
74 126
74 132
74 134
74 136
74 139
74 141
74 146
74 158
74 163
74 170
74 172
74 179
74 183
74 197
74 199
74 200
74 203
74 207
74 211
74 216
74 217
74 218
74 226
74 227
74 231
74 235
74 248
74 249
74 251
74 254
74 259
74 261
74 267
74 270
74 273
74 275
74 279
74 280
74 281
74 283
74 290
74 292
74 294
74 295
75 76
75 80
75 89
75 90
75 95
75 96
75 97
75 98
75 101
75 106
75 110
75 111
75 112
75 114
75 115
75 119
75 122
75 126
75 143
75 144
75 145
75 170
75 174
75 177
75 178
75 179
75 192
75 197
75 205
75 208
75 211
75 214
75 231
75 233
75 237
75 238
75 242
75 243
75 244
75 245
75 246
75 248
75 262
75 268
75 270
75 271
75 278
75 283
75 286
75 289
75 296
76 80
76 82
76 88
76 95
76 98
76 106
76 107
76 109
76 111
76 115
76 118
76 126
76 131
76 144
76 146
76 151
76 152
76 156
76 158
76 162
76 169
76 174
76 179
76 182
76 184
76 192
76 193
76 194
76 198
76 204
76 206
76 210
76 213
76 219
76 220
76 222
76 224
76 228
76 233
76 234
76 236
76 241
76 244
76 246
76 248
76 252
76 253
76 254
76 257
76 260
76 265
76 266
76 274
76 276
76 278
76 288
76 289
76 290
76 291
76 293
76 298
77 82
77 87
77 88
77 92
77 98
77 103
77 106
77 112
77 115
77 122
77 127
77 141
77 143
77 145
77 149
77 152
77 159
77 161
77 170
77 175
77 176
77 184
77 188
77 192
77 196
77 197
77 206
77 214
77 232
77 240
77 245
77 256
77 257
77 258
77 263
77 265
77 268
77 271
77 274
77 282
77 283
77 286
77 287
77 291
77 292
77 299
78 85
78 86
78 92
78 95
78 97
78 98
78 105
78 107
78 109
78 111
78 112
78 115
78 117
78 125
78 131
78 133
78 168
78 176
78 178
78 180
78 181
78 191
78 192
78 193
78 194
78 196
78 206
78 218
78 225
78 229
78 233
78 236
78 242
78 245
78 255
78 262
78 265
78 269
78 277
78 289
78 294
78 299
79 80
79 88
79 89
79 97
79 99
79 100
79 104
79 109
79 111
79 113
79 119
79 121
79 122
79 150
79 151
79 158
79 163
79 167
79 173
79 174
79 177
79 178
79 182
79 185
79 186
79 194
79 195
79 197
79 198
79 206
79 210
79 215
79 220
79 228
79 238
79 241
79 249
79 250
79 252
79 254
79 255
79 267
79 270
79 272
79 273
79 276
79 277
79 283
79 286
79 296
79 298
80 81
80 84
80 90
80 94
80 103
80 106
80 107
80 117
80 123
80 126
80 139
80 145
80 150
80 155
80 156
80 158
80 163
80 167
80 168
80 170
80 173
80 175
80 179
80 187
80 191
80 195
80 201
80 202
80 207
80 208
80 209
80 211
80 212
80 215
80 216
80 218
80 231
80 235
80 239
80 241
80 246
80 249
80 254
80 256
80 260
80 267
80 269
80 274
80 276
80 279
80 294
80 296
80 299
81 87
81 94
81 98
81 99
81 104
81 118
81 121
81 125
81 126
81 127
81 130
81 131
81 139
81 141
81 147
81 157
81 162
81 165
81 166
81 167
81 180
81 182
81 183
81 187
81 201
81 206
81 207
81 218
81 219
81 221
81 225
81 227
81 230
81 244
81 245
81 248
81 255
81 258
81 269
81 280
81 285
81 286
81 297
81 298
81 299
82 83
82 87
82 90
82 99
82 118
82 119
82 120
82 125
82 143
82 145
82 151
82 154
82 155
82 161
82 172
82 173
82 176
82 181
82 182
82 183
82 184
82 186
82 189
82 190
82 193
82 197
82 200
82 201
82 202
82 203
82 209
82 211
82 213
82 220
82 223
82 224
82 226
82 227
82 231
82 236
82 237
82 243
82 244
82 253
82 258
82 260
82 261
82 269
82 270
82 278
82 281
82 283
83 94
83 97
83 99
83 103
83 105
83 112
83 119
83 122
83 128
83 132
83 135
83 141
83 157
83 169
83 171
83 174
83 177
83 187
83 195
83 196
83 210
83 215
83 225
83 230
83 233
83 234
83 236
83 239
83 243
83 245
83 252
83 255
83 260
83 267
83 268
83 271
83 272
83 274
83 276
83 278
83 279
83 280
84 86
84 92
84 98
84 102
84 108
84 111
84 112
84 114
84 117
84 130
84 133
84 135
84 137
84 141
84 146
84 148
84 151
84 153
84 158
84 163
84 164
84 170
84 172
84 175
84 178
84 181
84 182
84 187
84 189
84 192
84 194
84 196
84 204
84 207
84 225
84 230
84 245
84 267
84 273
84 277
84 288
84 291
84 299
85 93
85 102
85 103
85 104
85 105
85 114
85 122
85 133
85 134
85 137
85 140
85 142
85 143
85 147
85 154
85 158
85 161
85 168
85 169
85 171
85 181
85 186
85 188
85 190
85 204
85 206
85 207
85 216
85 223
85 231
85 240
85 248
85 254
85 256
85 257
85 259
85 265
85 274
85 285
85 286
85 287
85 288
85 290
85 293
85 294
85 299
86 88
86 93
86 98
86 104
86 105
86 109
86 110
86 112
86 113
86 114
86 119
86 124
86 127
86 133
86 134
86 140
86 147
86 158
86 168
86 170
86 172
86 181
86 184
86 195
86 197
86 198
86 201
86 202
86 206
86 208
86 210
86 215
86 219
86 224
86 229
86 235
86 236
86 239
86 243
86 244
86 251
86 254
86 262
86 263
86 267
86 268
86 272
86 273
86 274
86 286
86 288
86 289
86 296
87 107
87 114
87 116
87 121
87 122
87 124
87 125
87 129
87 139
87 140
87 141
87 143
87 144
87 150
87 157
87 166
87 167
87 180
87 182
87 188
87 196
87 198
87 201
87 203
87 205
87 206
87 209
87 219
87 220
87 222
87 224
87 225
87 227
87 231
87 239
87 243
87 247
87 250
87 252
87 258
87 276
87 283
87 284
87 285
87 286
87 288
87 294
87 298
88 91
88 105
88 109
88 111
88 113
88 117
88 125
88 129
88 131
88 132
88 134
88 136
88 137
88 140
88 141
88 144
88 146
88 147
88 150
88 155
88 156
88 157
88 158
88 160
88 163
88 165
88 192
88 193
88 194
88 195
88 197
88 208
88 214
88 216
88 224
88 225
88 232
88 236
88 239
88 241
88 242
88 248
88 253
88 256
88 262
88 264
88 267
88 272
88 278
88 287
88 289
88 293
88 294
88 297
88 298
88 299
89 106
89 108
89 109
89 110
89 111
89 123
89 124
89 125
89 134
89 141
89 142
89 145
89 152
89 162
89 168
89 172
89 173
89 176
89 179
89 189
89 198
89 206
89 207
89 210
89 214
89 215
89 220
89 232
89 235
89 237
89 238
89 241
89 246
89 252
89 254
89 256
89 261
89 267
89 270
89 275
89 276
89 277
89 281
89 282
89 284
89 298
90 92
90 98
90 99
90 101
90 104
90 105
90 110
90 123
90 127
90 133
90 135
90 150
90 154
90 159
90 160
90 162
90 166
90 168
90 176
90 178
90 181
90 182
90 185
90 192
90 194
90 196
90 198
90 199
90 202
90 207
90 209
90 222
90 230
90 234
90 240
90 241
90 249
90 254
90 265
90 272
90 275
90 276
90 298
91 94
91 99
91 104
91 107
91 109
91 115
91 121
91 123
91 124
91 129
91 131
91 137
91 139
91 140
91 142
91 147
91 148
91 154
91 158
91 162
91 163
91 168
91 178
91 183
91 184
91 185
91 194
91 200
91 201
91 203
91 210
91 211
91 212
91 214
91 215
91 216
91 219
91 222
91 224
91 239
91 243
91 245
91 247
91 252
91 255
91 256
91 257
91 258
91 262
91 264
91 268
91 272
91 274
91 278
91 282
91 284
91 290
91 292
92 94
92 96
92 100
92 102
92 106
92 111
92 114
92 116
92 117
92 118
92 120
92 123
92 126
92 127
92 130
92 134
92 135
92 137
92 144
92 146
92 147
92 148
92 161
92 165
92 166
92 176
92 179
92 185
92 187
92 190
92 195
92 196
92 204
92 211
92 213
92 215
92 216
92 222
92 229
92 241
92 244
92 245
92 251
92 254
92 255
92 257
92 259
92 260
92 265
92 267
92 269
92 270
92 299
93 109
93 120
93 122
93 123
93 124
93 126
93 137
93 138
93 149
93 150
93 154
93 156
93 159
93 162
93 163
93 165
93 168
93 172
93 176
93 178
93 179
93 180
93 190
93 192
93 199
93 200
93 203
93 205
93 213
93 217
93 226
93 228
93 231
93 241
93 242
93 244
93 245
93 247
93 248
93 254
93 258
93 261
93 262
93 265
93 273
93 281
93 284
93 286
93 289
93 291
93 293
93 295
93 296
94 95
94 108
94 109
94 111
94 114
94 119
94 122
94 125
94 127
94 129
94 131
94 133
94 134
94 136
94 137
94 139
94 141
94 160
94 168
94 171
94 175
94 178
94 179
94 180
94 181
94 183
94 197
94 199
94 200
94 211
94 225
94 229
94 233
94 235
94 241
94 242
94 244
94 254
94 257
94 262
94 265
94 266
94 270
94 273
94 274
94 281
94 285
94 295
94 296
95 100
95 101
95 102
95 110
95 120
95 127
95 134
95 137
95 140
95 141
95 147
95 148
95 150
95 151
95 153
95 154
95 163
95 165
95 183
95 192
95 195
95 211
95 213
95 219
95 220
95 222
95 223
95 225
95 233
95 236
95 239
95 240
95 242
95 245
95 255
95 261
95 264
95 268
95 278
95 279
95 282
95 290
95 291
95 292
95 294
95 298
96 98
96 103
96 112
96 118
96 120
96 126
96 131
96 133
96 138
96 141
96 148
96 152
96 155
96 158
96 174
96 178
96 189
96 196
96 212
96 213
96 215
96 216
96 221
96 226
96 228
96 232
96 234
96 236
96 244
96 250
96 252
96 254
96 258
96 262
96 265
96 269
96 281
96 286
96 287
96 288
96 297
97 99
97 103
97 106
97 107
97 111
97 113
97 115
97 116
97 121
97 129
97 130
97 133
97 137
97 140
97 157
97 173
97 179
97 188
97 190
97 193
97 194
97 196
97 201
97 209
97 213
97 214
97 217
97 219
97 224
97 228
97 230
97 248
97 249
97 250
97 259
97 265
97 273
97 276
97 278
97 293
97 298
98 107
98 109
98 111
98 112
98 113
98 115
98 120
98 121
98 123
98 124
98 128
98 135
98 136
98 141
98 156
98 157
98 158
98 160
98 163
98 164
98 165
98 179
98 181
98 182
98 183
98 186
98 187
98 188
98 191
98 192
98 194
98 197
98 200
98 205
98 210
98 226
98 230
98 233
98 236
98 239
98 246
98 251
98 255
98 257
98 266
98 269
98 284
98 285
98 286
98 289
98 294
99 100
99 103
99 104
99 107
99 108
99 109
99 111
99 113
99 115
99 119
99 120
99 121
99 129
99 138
99 139
99 142
99 147
99 148
99 151
99 157
99 166
99 167
99 168
99 170
99 172
99 184
99 187
99 189
99 190
99 204
99 213
99 220
99 228
99 229
99 230
99 232
99 244
99 248
99 255
99 260
99 282
99 287
99 290
99 291
99 294
99 297
99 299
100 104
100 108
100 111
100 122
100 126
100 138
100 142
100 143
100 144
100 145
100 151
100 163
100 165
100 171
100 175
100 181
100 186
100 188
100 194
100 195
100 199
100 202
100 207
100 208
100 210
100 211
100 214
100 215
100 220
100 225
100 229
100 232
100 235
100 237
100 240
100 244
100 249
100 250
100 253
100 266
100 267
100 276
100 277
100 298
101 105
101 109
101 121
101 122
101 127
101 131
101 133
101 139
101 145
101 153
101 154
101 158
101 159
101 161
101 162
101 168
101 181
101 187
101 188
101 189
101 192
101 196
101 201
101 205
101 206
101 209
101 213
101 216
101 217
101 218
101 221
101 222
101 227
101 231
101 232
101 235
101 236
101 238
101 244
101 246
101 258
101 259
101 269
101 279
101 282
101 286
101 291
101 294
101 295
102 106
102 107
102 111
102 122
102 124
102 125
102 126
102 132
102 133
102 137
102 140
102 149
102 153
102 160
102 162
102 164
102 170
102 176
102 182
102 183
102 186
102 191
102 194
102 197
102 205
102 209
102 212
102 221
102 226
102 230
102 232
102 238
102 240
102 243
102 250
102 254
102 256
102 257
102 258
102 259
102 265
102 267
102 268
102 276
102 286
102 288
102 297
102 299
103 110
103 117
103 118
103 120
103 122
103 124
103 125
103 126
103 132
103 139
103 144
103 163
103 164
103 181
103 187
103 189
103 193
103 194
103 198
103 205
103 216
103 230
103 231
103 233
103 234
103 253
103 256
103 257
103 261
103 262
103 263
103 275
103 276
103 283
103 285
103 286
103 289
103 290
103 292
103 298
104 107
104 110
104 117
104 120
104 122
104 124
104 125
104 130
104 131
104 133
104 140
104 141
104 143
104 144
104 146
104 147
104 164
104 174
104 177
104 179
104 195
104 196
104 197
104 200
104 205
104 206
104 207
104 210
104 213
104 234
104 237
104 239
104 240
104 242
104 250
104 254
104 261
104 262
104 263
104 268
104 278
104 283
104 287
105 110
105 113
105 119
105 125
105 126
105 128
105 132
105 135
105 138
105 149
105 155
105 159
105 167
105 171
105 175
105 178
105 179
105 185
105 187
105 190
105 198
105 199
105 204
105 208
105 210
105 212
105 218
105 223
105 228
105 229
105 232
105 234
105 240
105 241
105 244
105 249
105 250
105 253
105 258
105 261
105 272
105 276
105 282
105 284
105 288
106 109
106 118
106 124
106 133
106 139
106 140
106 143
106 144
106 148
106 150
106 152
106 154
106 156
106 160
106 163
106 164
106 165
106 172
106 178
106 196
106 197
106 208
106 210
106 215
106 227
106 230
106 231
106 236
106 237
106 239
106 243
106 246
106 250
106 251
106 252
106 264
106 266
106 267
106 276
106 282
106 286
106 293
106 294
106 298
107 108
107 110
107 111
107 112
107 113
107 116
107 125
107 127
107 139
107 142
107 149
107 164
107 169
107 178
107 189
107 192
107 195
107 211
107 219
107 222
107 223
107 224
107 233
107 245
107 247
107 248
107 251
107 258
107 260
107 266
107 270
107 275
107 276
107 283
107 286
107 288
107 291
107 295
107 296
107 297
107 299
108 109
108 112
108 121
108 125
108 131
108 132
108 137
108 142
108 148
108 155
108 156
108 159
108 164
108 167
108 169
108 172
108 180
108 181
108 182
108 185
108 189
108 195
108 199
108 202
108 204
108 211
108 216
108 217
108 222
108 223
108 224
108 233
108 244
108 245
108 246
108 255
108 267
108 272
108 275
108 277
108 282
108 283
108 289
108 295
109 112
109 114
109 116
109 119
109 126
109 130
109 133
109 134
109 137
109 140
109 147
109 159
109 160
109 164
109 166
109 176
109 179
109 185
109 186
109 191
109 198
109 199
109 201
109 209
109 210
109 212
109 217
109 218
109 221
109 223
109 224
109 231
109 238
109 241
109 249
109 254
109 256
109 258
109 261
109 280
109 290
110 115
110 138
110 140
110 141
110 145
110 147
110 156
110 168
110 169
110 170
110 190
110 194
110 195
110 196
110 201
110 203
110 212
110 214
110 218
110 220
110 224
110 225
110 227
110 231
110 233
110 241
110 246
110 254
110 256
110 258
110 263
110 265
110 275
110 276
110 282
110 288
110 299
111 112
111 120
111 130
111 135
111 138
111 140
111 142
111 143
111 145
111 153
111 156
111 160
111 161
111 162
111 175
111 177
111 179
111 181
111 182
111 189
111 195
111 203
111 206
111 207
111 210
111 211
111 218
111 220
111 225
111 227
111 245
111 248
111 250
111 261
111 271
111 282
111 288
111 294
112 113
112 122
112 123
112 129
112 130
112 132
112 133
112 134
112 140
112 146
112 148
112 149
112 155
112 160
112 167
112 173
112 177
112 183
112 184
112 188
112 189
112 193
112 194
112 195
112 200
112 202
112 205
112 211
112 213
112 216
112 224
112 226
112 232
112 239
112 241
112 242
112 243
112 250
112 252
112 254
112 256
112 259
112 270
112 271
112 273
112 278
112 298
113 114
113 117
113 118
113 122
113 126
113 136
113 146
113 149
113 151
113 153
113 154
113 155
113 156
113 159
113 167
113 168
113 174
113 176
113 179
113 180
113 190
113 196
113 206
113 209
113 226
113 232
113 235
113 236
113 237
113 239
113 246
113 249
113 251
113 256
113 257
113 260
113 269
113 271
113 273
113 277
113 281
113 292
113 293
114 123
114 124
114 134
114 137
114 144
114 146
114 147
114 152
114 157
114 158
114 159
114 161
114 165
114 170
114 171
114 175
114 177
114 179
114 183
114 191
114 195
114 197
114 198
114 199
114 204
114 207
114 210
114 211
114 221
114 230
114 232
114 238
114 243
114 248
114 251
114 253
114 259
114 262
114 267
114 273
114 277
114 278
114 288
114 289
114 292
114 298
115 118
115 119
115 120
115 121
115 126
115 127
115 128
115 134
115 147
115 149
115 150
115 152
115 155
115 157
115 160
115 172
115 173
115 175
115 180
115 186
115 188
115 191
115 192
115 203
115 226
115 227
115 231
115 235
115 242
115 250
115 251
115 255
115 260
115 271
115 290
115 294
115 299
116 117
116 120
116 125
116 127
116 130
116 132
116 138
116 145
116 153
116 155
116 158
116 159
116 162
116 163
116 178
116 183
116 192
116 197
116 200
116 220
116 234
116 236
116 243
116 247
116 251
116 257
116 260
116 261
116 262
116 265
116 275
116 279
116 296
117 119
117 122
117 126
117 132
117 138
117 149
117 150
117 151
117 154
117 156
117 157
117 164
117 176
117 178
117 180
117 181
117 182
117 186
117 187
117 192
117 193
117 197
117 199
117 202
117 203
117 216
117 228
117 245
117 246
117 249
117 253
117 254
117 268
117 270
117 273
117 281
117 284
117 286
117 291
117 296
118 124
118 129
118 140
118 142
118 147
118 148
118 151
118 152
118 166
118 169
118 174
118 178
118 179
118 182
118 192
118 193
118 195
118 196
118 199
118 216
118 217
118 219
118 227
118 228
118 233
118 234
118 237
118 247
118 248
118 253
118 262
118 266
118 271
118 278
118 292
118 294
119 121
119 123
119 126
119 127
119 130
119 137
119 139
119 148
119 149
119 165
119 166
119 171
119 174
119 175
119 176
119 179
119 181
119 184
119 187
119 189
119 192
119 193
119 194
119 198
119 208
119 209
119 211
119 221
119 225
119 226
119 227
119 228
119 233
119 234
119 241
119 244
119 250
119 253
119 258
119 261
119 262
119 264
119 271
119 276
119 277
119 284
119 286
119 293
119 295
119 297
120 121
120 122
120 123
120 124
120 125
120 131
120 140
120 141
120 142
120 145
120 148
120 151
120 152
120 154
120 161
120 164
120 167
120 170
120 190
120 191
120 193
120 194
120 196
120 205
120 206
120 207
120 208
120 212
120 217
120 220
120 221
120 222
120 232
120 234
120 235
120 239
120 240
120 252
120 264
120 267
120 268
120 270
120 283
120 285
120 289
120 290
120 291
120 297
121 125
121 128
121 137
121 138
121 139
121 149
121 153
121 165
121 166
121 172
121 175
121 176
121 181
121 184
121 185
121 192
121 201
121 204
121 206
121 212
121 215
121 216
121 218
121 225
121 231
121 241
121 252
121 260
121 265
121 268
121 270
121 274
121 286
121 294
121 295
121 296
121 298
122 123
122 124
122 128
122 129
122 134
122 141
122 147
122 148
122 149
122 150
122 151
122 155
122 157
122 163
122 165
122 167
122 170
122 179
122 183
122 185
122 190
122 195
122 196
122 202
122 212
122 213
122 218
122 221
122 238
122 245
122 246
122 247
122 248
122 249
122 256
122 269
122 271
122 283
122 286
123 128
123 131
123 132
123 135
123 136
123 137
123 143
123 145
123 158
123 159
123 161
123 163
123 166
123 168
123 170
123 172
123 182
123 183
123 193
123 198
123 200
123 207
123 209
123 212
123 214
123 218
123 223
123 230
123 231
123 234
123 235
123 238
123 245
123 255
123 257
123 260
123 264
123 265
123 268
123 272
123 278
123 281
123 282
123 283
123 288
123 291
123 292
123 295
123 297
124 125
124 128
124 140
124 143
124 144
124 150
124 164
124 166
124 170
124 172
124 178
124 181
124 187
124 195
124 197
124 198
124 202
124 209
124 210
124 214
124 218
124 225
124 228
124 230
124 231
124 234
124 238
124 239
124 245
124 248
124 249
124 251
124 252
124 254
124 256
124 262
124 270
124 277
124 278
124 279
124 281
124 285
125 128
125 130
125 132
125 136
125 138
125 140
125 142
125 145
125 151
125 164
125 169
125 173
125 176
125 178
125 182
125 184
125 186
125 195
125 204
125 206
125 208
125 211
125 212
125 214
125 217
125 218
125 223
125 228
125 236
125 237
125 244
125 246
125 248
125 256
125 258
125 261
125 265
125 269
125 271
125 274
125 275
125 277
125 278
125 280
125 289
125 296
126 128
126 129
126 135
126 145
126 146
126 156
126 158
126 166
126 172
126 173
126 177
126 197
126 198
126 199
126 200
126 203
126 204
126 206
126 209
126 210
126 219
126 223
126 233
126 240
126 242
126 243
126 244
126 248
126 254
126 261
126 264
126 265
126 269
126 277
126 280
126 282
126 293
126 294
126 295
126 296
127 128
127 129
127 132
127 133
127 134
127 139
127 142
127 148
127 154
127 157
127 166
127 175
127 179
127 180
127 185
127 186
127 188
127 196
127 200
127 204
127 205
127 209
127 215
127 220
127 226
127 229
127 230
127 234
127 237
127 246
127 248
127 252
127 255
127 263
127 268
127 270
127 275
127 276
127 290
127 294
127 295
127 299
128 135
128 138
128 139
128 143
128 154
128 156
128 164
128 174
128 183
128 185
128 188
128 196
128 202
128 204
128 208
128 209
128 211
128 214
128 215
128 217
128 220
128 222
128 238
128 247
128 251
128 252
128 254
128 258
128 273
128 281
128 283
128 287
128 289
128 291
128 292
129 130
129 142
129 144
129 145
129 148
129 149
129 152
129 155
129 156
129 158
129 161
129 162
129 164
129 180
129 181
129 201
129 208
129 209
129 210
129 235
129 241
129 244
129 251
129 253
129 263
129 276
129 285
129 287
129 289
130 131
130 132
130 135
130 136
130 137
130 145
130 157
130 160
130 164
130 165
130 176
130 180
130 183
130 187
130 199
130 203
130 205
130 206
130 213
130 225
130 235
130 241
130 249
130 250
130 251
130 255
130 256
130 258
130 261
130 266
130 271
130 272
130 274
130 291
130 292
130 293
130 295
130 296
130 299
131 135
131 136
131 141
131 142
131 143
131 166
131 167
131 170
131 171
131 173
131 175
131 181
131 183
131 186
131 187
131 198
131 202
131 203
131 208
131 214
131 225
131 226
131 227
131 236
131 240
131 252
131 254
131 256
131 263
131 266
131 269
131 275
131 276
131 287
131 296
131 297
132 136
132 137
132 138
132 139
132 148
132 156
132 159
132 161
132 162
132 163
132 167
132 171
132 179
132 184
132 202
132 205
132 215
132 216
132 222
132 225
132 226
132 240
132 242
132 245
132 252
132 254
132 259
132 260
132 262
132 263
132 272
132 273
132 275
132 276
132 283
132 284
132 289
132 298
132 299
133 139
133 147
133 162
133 164
133 167
133 172
133 174
133 182
133 183
133 186
133 202
133 203
133 205
133 206
133 208
133 216
133 219
133 221
133 222
133 223
133 226
133 228
133 230
133 234
133 245
133 262
133 263
133 264
133 265
133 266
133 269
133 274
133 280
133 296
133 299
134 138
134 145
134 149
134 152
134 157
134 167
134 169
134 176
134 178
134 180
134 185
134 188
134 189
134 194
134 209
134 210
134 211
134 222
134 223
134 227
134 229
134 235
134 236
134 247
134 257
134 260
134 261
134 268
134 272
134 275
134 283
134 285
134 291
134 295
134 296
135 153
135 158
135 160
135 161
135 164
135 165
135 170
135 171
135 173
135 175
135 179
135 180
135 182
135 185
135 198
135 201
135 203
135 210
135 211
135 214
135 231
135 233
135 236
135 241
135 244
135 245
135 249
135 258
135 262
135 265
135 270
135 274
135 286
135 289
136 147
136 153
136 158
136 165
136 169
136 176
136 181
136 182
136 184
136 186
136 187
136 189
136 192
136 197
136 202
136 205
136 207
136 209
136 210
136 214
136 220
136 226
136 227
136 239
136 240
136 242
136 243
136 244
136 253
136 267
136 269
136 271
136 272
136 274
136 291
136 296
137 144
137 151
137 152
137 160
137 161
137 181
137 186
137 190
137 195
137 198
137 204
137 208
137 211
137 212
137 226
137 233
137 241
137 243
137 245
137 247
137 249
137 253
137 260
137 261
137 263
137 265
137 268
137 269
137 272
137 274
137 277
137 282
137 284
137 289
137 290
137 292
137 293
137 295
137 296
137 297
137 298
138 143
138 150
138 163
138 170
138 171
138 173
138 175
138 181
138 186
138 187
138 188
138 189
138 190
138 192
138 193
138 207
138 209
138 212
138 218
138 222
138 223
138 230
138 233
138 237
138 239
138 243
138 244
138 246
138 247
138 266
138 268
138 273
138 280
138 286
138 288
138 295
139 143
139 146
139 148
139 150
139 160
139 166
139 182
139 183
139 185
139 190
139 196
139 199
139 203
139 213
139 221
139 226
139 227
139 228
139 229
139 232
139 236
139 238
139 244
139 252
139 258
139 261
139 269
139 278
139 280
139 283
139 291
139 293
139 294
139 296
139 297
140 142
140 144
140 151
140 155
140 160
140 162
140 165
140 169
140 173
140 176
140 181
140 182
140 188
140 190
140 192
140 194
140 196
140 198
140 200
140 204
140 206
140 207
140 228
140 229
140 236
140 239
140 241
140 242
140 248
140 250
140 252
140 258
140 259
140 261
140 265
140 266
140 268
140 269
140 275
140 287
140 288
140 290
140 297
140 298
141 146
141 147
141 148
141 149
141 155
141 156
141 162
141 163
141 169
141 171
141 175
141 176
141 178
141 180
141 194
141 198
141 200
141 201
141 205
141 219
141 220
141 224
141 228
141 233
141 248
141 252
141 264
141 266
141 270
141 273
141 276
141 280
141 287
141 297
142 147
142 150
142 155
142 159
142 161
142 163
142 165
142 170
142 174
142 175
142 182
142 186
142 194
142 197
142 199
142 200
142 202
142 209
142 212
142 218
142 220
142 224
142 226
142 235
142 237
142 242
142 250
142 262
142 267
142 277
142 281
142 282
142 289
142 290
142 291
142 295
143 145
143 159
143 161
143 166
143 169
143 174
143 178
143 180
143 181
143 182
143 184
143 189
143 192
143 193
143 196
143 199
143 202
143 203
143 205
143 209
143 217
143 224
143 225
143 234
143 237
143 238
143 241
143 246
143 247
143 250
143 253
143 256
143 257
143 260
143 261
143 263
143 266
143 267
143 270
143 271
143 272
143 276
143 278
143 279
143 283
143 284
143 286
143 287
143 290
143 294
143 296
143 298
144 148
144 155
144 160
144 161
144 164
144 165
144 178
144 179
144 186
144 205
144 209
144 216
144 221
144 222
144 224
144 231
144 235
144 239
144 240
144 245
144 250
144 251
144 255
144 263
144 265
144 270
144 278
144 291
144 297
144 299
145 155
145 158
145 159
145 160
145 163
145 164
145 166
145 167
145 184
145 185
145 186
145 201
145 204
145 205
145 210
145 214
145 217
145 218
145 219
145 222
145 223
145 230
145 253
145 255
145 257
145 261
145 264
145 266
145 278
145 282
146 151
146 156
146 157
146 158
146 166
146 167
146 177
146 183
146 184
146 203
146 204
146 205
146 208
146 217
146 226
146 228
146 249
146 250
146 254
146 255
146 263
146 265
146 266
146 271
146 274
146 275
146 280
146 288
146 290
146 291
146 294
146 296
146 298
147 150
147 153
147 157
147 159
147 162
147 164
147 166
147 178
147 181
147 185
147 186
147 199
147 200
147 203
147 210
147 212
147 214
147 217
147 218
147 223
147 229
147 235
147 240
147 241
147 245
147 253
147 257
147 259
147 262
147 263
147 265
147 272
147 274
147 275
147 278
147 280
147 290
147 294
147 298
148 150
148 151
148 154
148 173
148 175
148 183
148 198
148 202
148 204
148 207
148 230
148 231
148 232
148 240
148 242
148 244
148 246
148 259
148 267
148 268
148 279
148 288
148 291
148 292
148 293
149 157
149 166
149 170
149 173
149 181
149 184
149 194
149 201
149 204
149 205
149 206
149 210
149 211
149 218
149 221
149 230
149 236
149 237
149 240
149 251
149 254
149 257
149 261
149 263
149 273
149 278
149 280
149 285
149 286
149 296
149 299
150 153
150 154
150 155
150 160
150 165
150 172
150 176
150 184
150 188
150 192
150 197
150 198
150 201
150 208
150 216
150 221
150 223
150 226
150 228
150 240
150 243
150 246
150 252
150 255
150 263
150 265
150 266
150 271
150 272
150 273
150 276
150 280
150 284
150 288
150 291
150 294
150 298
151 153
151 172
151 176
151 183
151 186
151 189
151 191
151 194
151 200
151 202
151 208
151 209
151 211
151 219
151 226
151 232
151 237
151 238
151 254
151 262
151 277
151 278
151 298
152 167
152 170
152 174
152 180
152 183
152 197
152 201
152 202
152 217
152 223
152 224
152 229
152 233
152 238
152 241
152 243
152 244
152 245
152 247
152 257
152 258
152 260
152 275
152 278
152 279
152 281
152 287
152 289
152 290
152 295
152 296
153 156
153 160
153 162
153 163
153 164
153 165
153 166
153 170
153 174
153 184
153 189
153 207
153 218
153 228
153 230
153 231
153 233
153 238
153 242
153 246
153 251
153 252
153 262
153 270
153 276
153 279
153 281
153 291
153 292
153 295
154 157
154 158
154 172
154 181
154 183
154 191
154 195
154 199
154 205
154 211
154 214
154 218
154 219
154 221
154 228
154 230
154 236
154 237
154 251
154 252
154 268
154 275
154 277
154 284
154 285
154 289
154 290
154 291
154 292
154 294
154 297
154 298
155 156
155 161
155 163
155 164
155 168
155 175
155 177
155 182
155 183
155 193
155 196
155 197
155 211
155 212
155 217
155 230
155 241
155 242
155 245
155 248
155 256
155 266
155 269
155 275
155 276
155 289
155 290
155 298
156 157
156 159
156 162
156 164
156 165
156 167
156 171
156 173
156 185
156 187
156 195
156 200
156 206
156 207
156 217
156 220
156 221
156 225
156 230
156 234
156 238
156 245
156 246
156 249
156 254
156 262
156 270
156 271
156 273
156 280
156 282
156 289
156 290
156 296
157 161
157 162
157 167
157 171
157 173
157 175
157 178
157 180
157 185
157 186
157 187
157 193
157 197
157 203
157 212
157 218
157 219
157 222
157 230
157 241
157 245
157 268
157 270
157 273
157 287
157 294
158 167
158 168
158 179
158 180
158 195
158 197
158 200
158 201
158 202
158 212
158 213
158 217
158 218
158 220
158 224
158 228
158 231
158 242
158 246
158 247
158 248
158 253
158 256
158 262
158 267
158 270
158 278
158 281
158 288
158 290
158 291
158 294
158 298
158 299
159 168
159 174
159 179
159 180
159 188
159 190
159 191
159 192
159 200
159 201
159 206
159 215
159 228
159 231
159 234
159 235
159 236
159 239
159 242
159 243
159 244
159 245
159 247
159 252
159 254
159 255
159 258
159 260
159 263
159 266
159 279
159 281
159 286
159 299
160 168
160 181
160 189
160 190
160 195
160 200
160 201
160 211
160 214
160 225
160 228
160 231
160 232
160 237
160 238
160 245
160 252
160 253
160 254
160 261
160 262
160 263
160 267
160 275
160 277
160 286
160 293
160 294
160 297
161 167
161 171
161 172
161 174
161 181
161 183
161 184
161 190
161 198
161 202
161 204
161 208
161 210
161 219
161 226
161 230
161 233
161 243
161 245
161 247
161 256
161 258
161 265
161 277
161 280
161 281
161 290
161 291
161 293
161 296
162 167
162 170
162 184
162 185
162 191
162 194
162 196
162 209
162 210
162 211
162 219
162 221
162 228
162 234
162 236
162 238
162 242
162 243
162 244
162 247
162 254
162 261
162 263
162 268
162 271
162 273
162 281
162 283
162 290
162 291
162 292
162 295
162 296
162 297
163 167
163 168
163 169
163 170
163 172
163 173
163 176
163 183
163 184
163 187
163 188
163 189
163 192
163 199
163 203
163 204
163 209
163 210
163 223
163 230
163 232
163 233
163 235
163 237
163 240
163 241
163 242
163 245
163 253
163 255
163 258
163 266
163 267
163 270
163 277
163 278
163 281
163 283
163 284
163 285
163 291
163 292
163 294
163 296
163 299
164 178
164 180
164 186
164 190
164 191
164 200
164 201
164 216
164 217
164 220
164 224
164 230
164 232
164 234
164 236
164 239
164 243
164 259
164 263
164 264
164 265
164 275
164 276
164 278
164 287
164 294
164 298
165 166
165 168
165 172
165 175
165 176
165 185
165 189
165 191
165 197
165 199
165 203
165 206
165 207
165 208
165 210
165 211
165 214
165 228
165 235
165 242
165 245
165 247
165 264
165 270
165 273
165 275
165 276
165 277
165 278
165 280
165 289
165 293
165 294
166 171
166 173
166 188
166 192
166 194
166 196
166 198
166 202
166 203
166 206
166 207
166 210
166 211
166 215
166 218
166 222
166 223
166 224
166 225
166 229
166 230
166 233
166 248
166 249
166 254
166 258
166 260
166 263
166 267
166 268
166 274
166 282
166 289
166 290
166 292
166 298
167 168
167 176
167 177
167 179
167 185
167 203
167 204
167 209
167 211
167 222
167 229
167 230
167 235
167 238
167 264
167 265
167 272
167 274
167 281
167 285
167 292
167 296
167 298
168 170
168 172
168 176
168 177
168 182
168 188
168 191
168 197
168 201
168 211
168 217
168 226
168 228
168 229
168 232
168 240
168 248
168 263
168 282
168 286
168 287
168 290
168 294
168 297
169 170
169 172
169 173
169 175
169 183
169 187
169 195
169 202
169 204
169 211
169 212
169 216
169 217
169 218
169 230
169 232
169 237
169 239
169 240
169 247
169 250
169 256
169 259
169 262
169 265
169 268
169 287
169 292
170 172
170 176
170 182
170 183
170 189
170 191
170 192
170 195
170 199
170 204
170 210
170 212
170 217
170 226
170 228
170 230
170 237
170 240
170 243
170 246
170 254
170 260
170 264
170 266
170 267
170 274
170 282
170 291
170 298
171 172
171 179
171 197
171 207
171 216
171 227
171 231
171 233
171 238
171 239
171 242
171 244
171 245
171 247
171 248
171 249
171 250
171 271
171 282
171 291
171 294
171 295
171 299
172 180
172 181
172 183
172 184
172 186
172 188
172 190
172 191
172 192
172 193
172 195
172 197
172 202
172 203
172 204
172 218
172 221
172 223
172 229
172 231
172 243
172 244
172 248
172 250
172 252
172 254
172 261
172 262
172 267
172 273
172 280
172 283
172 294
173 176
173 186
173 187
173 189
173 191
173 193
173 205
173 220
173 222
173 225
173 227
173 232
173 233
173 236
173 250
173 260
173 262
173 268
173 286
173 299
174 183
174 188
174 189
174 192
174 195
174 209
174 219
174 222
174 223
174 224
174 225
174 243
174 249
174 262
174 265
174 266
174 272
174 276
174 278
174 279
174 283
174 284
174 286
174 288
174 291
174 292
174 297
175 176
175 184
175 191
175 195
175 202
175 204
175 206
175 207
175 211
175 221
175 222
175 223
175 227
175 230
175 234
175 236
175 243
175 246
175 253
175 255
175 256
175 259
175 261
175 271
175 277
175 280
175 281
175 286
175 287
175 290
175 291
175 296
176 184
176 188
176 190
176 192
176 193
176 195
176 200
176 207
176 212
176 213
176 214
176 219
176 220
176 223
176 224
176 229
176 235
176 236
176 243
176 244
176 245
176 246
176 248
176 257
176 260
176 261
176 267
176 268
176 275
176 285
177 180
177 183
177 185
177 192
177 193
177 210
177 213
177 214
177 215
177 217
177 218
177 223
177 226
177 231
177 233
177 243
177 247
177 249
177 251
177 252
177 257
177 266
177 272
177 280
177 285
177 291
177 292
178 207
178 214
178 216
178 218
178 219
178 220
178 221
178 227
178 233
178 234
178 240
178 241
178 242
178 246
178 249
178 260
178 261
178 279
178 282
178 292
178 295
179 180
179 187
179 190
179 192
179 194
179 196
179 205
179 211
179 213
179 218
179 228
179 229
179 240
179 247
179 248
179 253
179 261
179 262
179 263
179 266
179 268
179 271
179 273
179 275
179 276
179 278
179 280
179 285
179 288
179 292
179 293
179 298
180 185
180 186
180 189
180 190
180 199
180 208
180 211
180 212
180 227
180 229
180 230
180 233
180 234
180 247
180 255
180 260
180 264
180 284
180 285
180 287
180 289
180 297
180 298
181 186
181 195
181 210
181 212
181 213
181 214
181 230
181 237
181 248
181 252
181 254
181 257
181 259
181 264
181 266
181 267
181 273
181 279
181 285
181 290
181 291
181 292
181 296
182 183
182 184
182 189
182 191
182 192
182 200
182 206
182 207
182 208
182 211
182 212
182 216
182 221
182 224
182 226
182 235
182 237
182 240
182 242
182 243
182 249
182 256
182 257
182 259
182 261
182 264
182 275
182 278
182 279
182 280
182 297
183 184
183 185
183 187
183 191
183 194
183 201
183 208
183 212
183 217
183 219
183 220
183 223
183 224
183 226
183 230
183 243
183 253
183 256
183 258
183 266
183 273
183 274
183 289
183 290
183 291
184 200
184 210
184 215
184 220
184 221
184 224
184 227
184 232
184 233
184 239
184 250
184 268
184 270
184 272
184 278
184 292
184 297
185 186
185 191
185 197
185 209
185 214
185 218
185 221
185 228
185 233
185 239
185 244
185 246
185 248
185 259
185 260
185 265
185 277
185 280
185 282
185 289
185 295
185 298
186 188
186 190
186 192
186 200
186 204
186 205
186 206
186 210
186 211
186 212
186 216
186 217
186 219
186 222
186 228
186 231
186 232
186 235
186 244
186 247
186 248
186 263
186 268
186 271
186 273
186 284
186 289
186 291
186 293
186 296
186 298
187 189
187 194
187 209
187 210
187 224
187 228
187 232
187 235
187 245
187 252
187 261
187 263
187 267
187 269
187 270
187 273
187 276
187 277
187 283
187 287
187 288
187 294
187 295
188 189
188 197
188 209
188 212
188 213
188 223
188 228
188 233
188 236
188 240
188 251
188 254
188 255
188 262
188 265
188 266
188 273
188 291
188 295
189 192
189 197
189 199
189 204
189 219
189 223
189 225
189 230
189 233
189 240
189 248
189 250
189 252
189 253
189 256
189 258
189 271
189 276
189 278
189 279
189 291
189 296
190 199
190 204
190 207
190 208
190 211
190 218
190 226
190 231
190 235
190 237
190 244
190 246
190 249
190 253
190 255
190 257
190 258
190 261
190 268
190 269
190 282
190 287
190 294
190 299
191 197
191 199
191 200
191 201
191 204
191 205
191 207
191 209
191 211
191 215
191 222
191 223
191 224
191 228
191 233
191 234
191 239
191 242
191 256
191 262
191 264
191 267
191 268
191 275
191 276
191 284
191 290
191 294
192 205
192 206
192 208
192 211
192 212
192 217
192 222
192 226
192 232
192 234
192 242
192 244
192 252
192 253
192 260
192 261
192 266
192 270
192 277
192 282
192 285
192 287
192 288
192 290
192 295
193 194
193 200
193 202
193 204
193 207
193 208
193 210
193 211
193 214
193 215
193 218
193 219
193 225
193 227
193 239
193 241
193 242
193 252
193 260
193 271
193 274
193 296
194 201
194 204
194 211
194 216
194 224
194 233
194 236
194 237
194 255
194 256
194 265
194 272
194 278
194 279
194 283
194 286
194 293
194 294
194 296
195 198
195 200
195 210
195 212
195 214
195 215
195 219
195 223
195 240
195 242
195 249
195 256
195 258
195 260
195 261
195 266
195 270
195 271
195 277
195 279
195 283
195 285
195 287
195 290
195 291
195 293
196 199
196 201
196 208
196 211
196 222
196 227
196 229
196 231
196 235
196 238
196 239
196 245
196 248
196 252
196 253
196 254
196 255
196 256
196 259
196 262
196 265
196 268
196 275
196 279
196 288
196 293
196 299
197 200
197 205
197 211
197 212
197 221
197 224
197 228
197 233
197 245
197 254
197 262
197 265
197 270
197 272
197 275
197 276
197 286
197 289
197 290
197 295
197 297
197 298
198 200
198 203
198 205
198 208
198 211
198 213
198 218
198 235
198 240
198 247
198 253
198 260
198 264
198 265
198 270
198 287
198 288
198 291
198 293
198 294
199 203
199 207
199 210
199 212
199 227
199 232
199 236
199 239
199 240
199 251
199 254
199 256
199 257
199 263
199 276
199 282
199 297
199 299
200 202
200 205
200 210
200 212
200 216
200 219
200 225
200 233
200 238
200 242
200 244
200 249
200 252
200 257
200 265
200 266
200 270
200 271
200 272
200 274
200 284
200 285
200 293
200 295
201 204
201 217
201 220
201 231
201 232
201 234
201 237
201 242
201 244
201 245
201 247
201 249
201 273
201 276
201 288
201 290
201 296
201 297
201 298
201 299
202 203
202 204
202 205
202 206
202 209
202 217
202 229
202 236
202 246
202 267
202 271
202 272
202 277
202 284
202 289
202 292
202 293
202 297
203 205
203 206
203 208
203 210
203 214
203 216
203 219
203 222
203 224
203 234
203 236
203 237
203 245
203 247
203 249
203 253
203 254
203 255
203 258
203 259
203 261
203 269
203 270
203 272
203 275
203 281
203 282
203 288
203 295
203 296
203 298
204 208
204 210
204 212
204 213
204 217
204 218
204 225
204 226
204 228
204 239
204 240
204 241
204 242
204 250
204 261
204 265
204 266
204 274
204 280
204 284
204 287
204 290
204 295
204 296
205 210
205 215
205 228
205 235
205 243
205 247
205 249
205 252
205 253
205 262
205 263
205 266
205 269
205 271
205 273
205 274
205 280
205 285
205 286
205 288
205 290
205 293
205 296
205 298
206 208
206 212
206 215
206 218
206 221
206 222
206 230
206 233
206 236
206 239
206 246
206 269
206 275
206 277
206 280
206 283
206 288
206 289
207 211
207 212
207 215
207 220
207 230
207 233
207 236
207 237
207 240
207 244
207 246
207 248
207 250
207 257
207 260
207 266
207 269
207 275
207 276
207 278
207 281
207 290
207 294
207 295
207 298
208 209
208 212
208 226
208 241
208 252
208 254
208 260
208 261
208 263
208 268
208 271
208 281
208 283
208 285
208 292
209 218
209 224
209 228
209 234
209 236
209 245
209 246
209 247
209 248
209 249
209 254
209 256
209 260
209 261
209 270
209 273
209 276
209 284
209 290
209 296
209 299
210 213
210 214
210 218
210 221
210 224
210 227
210 232
210 238
210 242
210 244
210 245
210 251
210 256
210 268
210 270
210 279
210 289
210 291
210 293
210 297
211 214
211 221
211 225
211 227
211 236
211 237
211 240
211 244
211 245
211 248
211 250
211 259
211 261
211 266
211 267
211 272
211 274
211 278
211 281
211 283
211 286
211 290
211 294
211 297
211 298
212 216
212 217
212 225
212 227
212 229
212 240
212 242
212 244
212 249
212 252
212 267
212 269
212 277
212 278
212 280
212 289
212 295
212 297
213 215
213 217
213 221
213 223
213 235
213 242
213 244
213 246
213 261
213 263
213 264
213 269
213 277
213 278
213 282
213 286
213 289
214 219
214 225
214 237
214 246
214 251
214 255
214 256
214 258
214 267
214 270
214 278
214 281
214 283
214 285
214 289
214 297
214 299
215 218
215 219
215 226
215 228
215 234
215 240
215 246
215 251
215 255
215 256
215 257
215 260
215 265
215 266
215 279
215 282
215 283
215 284
215 290
215 292
215 297
215 298
216 219
216 220
216 245
216 248
216 253
216 254
216 256
216 266
216 267
216 268
216 269
216 271
216 272
216 275
216 279
216 285
216 290
216 291
216 297
216 299
217 218
217 222
217 235
217 237
217 241
217 258
217 264
217 267
217 271
217 281
217 289
217 292
217 295
218 219
218 221
218 223
218 224
218 228
218 229
218 234
218 237
218 245
218 260
218 265
218 272
218 279
218 289
218 292
218 295
218 299
219 221
219 224
219 227
219 237
219 257
219 260
219 270
219 274
219 281
219 285
219 286
219 291
219 292
220 223
220 226
220 230
220 231
220 233
220 248
220 250
220 252
220 253
220 255
220 260
220 261
220 262
220 263
220 264
220 267
220 271
220 272
220 273
220 274
220 275
220 278
220 282
220 294
220 296
220 298
220 299
221 222
221 234
221 236
221 238
221 251
221 259
221 262
221 264
221 265
221 279
221 288
221 289
221 295
221 296
221 299
222 230
222 232
222 234
222 243
222 252
222 262
222 264
222 265
222 267
222 275
222 279
222 280
222 295
223 226
223 228
223 229
223 230
223 237
223 246
223 251
223 256
223 261
223 262
223 266
223 268
223 275
223 277
223 289
223 290
223 291
223 292
224 226
224 234
224 247
224 248
224 251
224 252
224 253
224 264
224 274
224 276
224 283
224 284
224 287
224 289
224 290
224 292
224 293
224 299
225 228
225 232
225 237
225 243
225 244
225 245
225 246
225 256
225 258
225 265
225 275
225 277
225 283
225 292
225 293
225 295
226 230
226 234
226 238
226 249
226 251
226 256
226 257
226 259
226 262
226 263
226 270
226 273
226 275
226 276
226 278
226 282
226 286
226 291
226 293
226 294
226 295
226 296
226 297
226 298
227 228
227 237
227 247
227 253
227 254
227 262
227 265
227 269
227 272
227 276
227 281
227 285
227 294
227 297
228 236
228 251
228 257
228 262
228 272
228 273
228 274
228 275
228 276
228 286
228 290
228 296
228 298
229 233
229 253
229 255
229 263
229 265
229 274
229 281
229 284
229 287
229 293
229 296
229 299
230 234
230 235
230 239
230 242
230 243
230 249
230 258
230 262
230 281
230 282
230 286
230 291
230 296
230 297
231 233
231 234
231 237
231 239
231 243
231 260
231 261
231 268
231 269
231 275
231 276
231 287
231 288
231 294
231 295
231 296
231 297
232 235
232 236
232 239
232 240
232 241
232 247
232 248
232 251
232 255
232 261
232 262
232 272
232 290
232 292
232 295
233 236
233 245
233 252
233 253
233 255
233 264
233 268
233 269
233 270
233 275
233 282
233 285
233 288
233 290
233 291
233 295
233 299
234 236
234 239
234 243
234 246
234 249
234 250
234 252
234 256
234 260
234 261
234 273
234 277
234 285
234 289
234 298
235 238
235 241
235 242
235 243
235 260
235 262
235 269
235 272
235 276
235 287
235 298
236 238
236 240
236 246
236 247
236 250
236 253
236 254
236 259
236 260
236 266
236 278
236 282
236 286
236 290
236 293
236 294
236 297
237 241
237 245
237 257
237 282
237 283
237 285
237 287
237 294
237 295
238 245
238 247
238 251
238 255
238 257
238 262
238 263
238 276
238 281
238 282
238 283
238 285
238 291
238 299
239 244
239 253
239 257
239 261
239 274
239 277
239 278
239 286
239 289
239 293
239 297
239 299
240 248
240 249
240 256
240 257
240 261
240 267
240 270
240 273
240 276
240 279
240 290
241 242
241 245
241 253
241 254
241 256
241 258
241 265
241 266
241 269
241 280
241 281
241 284
241 292
241 295
242 244
242 250
242 254
242 262
242 265
242 267
242 271
242 274
242 277
242 294
242 298
243 246
243 259
243 261
243 269
243 280
243 283
243 284
243 285
243 298
243 299
244 250
244 252
244 253
244 259
244 260
244 262
244 266
244 267
244 268
244 273
244 275
244 278
244 285
244 286
244 292
244 295
245 247
245 248
245 259
245 262
245 266
245 276
245 280
245 286
245 289
245 295
246 251
246 253
246 255
246 256
246 257
246 261
246 264
246 269
246 270
246 279
246 299
247 249
247 253
247 254
247 257
247 269
247 277
247 283
247 289
247 292
247 296
248 250
248 262
248 267
248 268
248 273
248 276
248 277
248 278
248 279
248 294
249 253
249 259
249 260
249 264
249 267
249 270
249 273
249 274
249 283
249 287
249 290
250 254
250 257
250 258
250 260
250 263
250 264
250 265
250 273
250 274
250 289
250 291
250 294
250 297
250 298
251 258
251 261
251 264
251 265
251 266
251 267
251 272
251 273
251 274
251 275
251 276
251 280
251 283
251 285
251 286
251 289
251 293
251 295
251 296
252 255
252 257
252 258
252 265
252 267
252 269
252 273
252 274
252 280
252 283
252 284
252 290
252 292
252 296
253 255
253 257
253 259
253 260
253 262
253 266
253 267
253 268
253 270
253 275
253 276
253 277
253 278
253 291
253 293
253 295
254 259
254 263
254 265
254 266
254 270
254 271
254 273
254 286
254 289
254 293
254 297
255 260
255 267
255 278
255 281
255 282
255 283
255 288
255 290
256 262
256 268
256 276
256 279
256 280
256 281
256 288
256 290
256 294
257 261
257 263
257 266
257 267
257 269
257 270
257 278
257 280
257 282
257 283
257 284
257 288
257 291
257 295
257 296
257 299
258 259
258 261
258 262
258 265
258 271
258 273
258 274
258 276
258 281
258 286
259 260
259 263
259 267
259 270
259 280
259 284
259 288
259 293
259 297
259 299
260 267
260 270
260 272
260 283
260 287
260 288
260 293
260 295
261 266
261 277
261 281
261 286
261 287
261 289
261 290
261 291
261 299
262 270
262 271
262 275
262 277
262 281
262 283
262 286
262 292
262 293
262 297
262 298
262 299
263 282
263 283
263 286
263 287
263 292
263 294
263 297
264 265
264 276
264 277
264 283
264 289
264 292
264 296
264 299
265 275
265 278
265 282
265 289
265 291
265 293
265 295
265 298
265 299
266 268
266 272
266 273
266 278
266 281
266 283
266 287
266 290
267 289
267 293
267 295
267 298
268 270
268 276
268 286
268 288
268 289
268 292
269 271
269 273
269 274
269 280
269 281
269 286
269 290
269 292
270 272
270 283
270 284
270 287
270 289
270 291
270 292
270 293
270 296
270 299
271 279
271 280
271 281
271 282
271 284
271 286
271 296
271 298
271 299
272 273
272 278
272 284
272 287
272 293
272 294
272 297
273 274
273 279
274 277
274 281
274 284
274 292
274 299
275 277
275 278
275 280
275 286
275 290
275 291
275 292
275 293
275 298
275 299
276 279
276 284
276 289
276 295
277 278
277 285
277 287
277 290
277 295
277 298
278 281
278 284
278 285
278 288
278 293
279 287
279 288
280 291
280 293
280 299
281 288
281 296
281 297
282 285
282 289
282 294
282 295
283 290
283 295
283 299
284 292
284 294
284 295
284 296
285 295
286 291
286 298
287 299
288 291
288 292
290 297
290 298
290 299
291 293
291 295
291 297
293 295
294 295
295 299
298 299

