1
75 1000
0 3
0 5
0 6
0 12
0 13
0 15
0 18
0 21
0 22
0 23
0 24
0 25
0 26
0 27
0 28
0 30
0 31
0 35
0 36
0 43
0 47
0 52
0 55
0 58
0 63
0 64
0 66
0 67
1 3
1 5
1 7
1 10
1 11
1 12
1 13
1 19
1 21
1 22
1 24
1 25
1 32
1 36
1 39
1 40
1 41
1 45
1 49
1 50
1 51
1 53
1 54
1 58
1 61
1 63
1 65
1 67
1 69
1 72
2 5
2 7
2 13
2 14
2 15
2 16
2 17
2 30
2 31
2 33
2 34
2 35
2 39
2 43
2 47
2 49
2 57
2 61
2 66
2 68
2 69
2 72
2 73
2 74
3 4
3 12
3 16
3 20
3 27
3 28
3 33
3 36
3 37
3 42
3 44
3 47
3 48
3 50
3 53
3 61
3 62
3 63
3 65
3 68
3 69
3 73
4 8
4 9
4 11
4 13
4 15
4 16
4 18
4 25
4 26
4 29
4 32
4 37
4 38
4 42
4 45
4 47
4 48
4 52
4 56
4 58
4 61
4 66
4 68
4 69
4 73
5 6
5 8
5 10
5 11
5 13
5 15
5 17
5 18
5 21
5 25
5 27
5 32
5 37
5 39
5 43
5 45
5 46
5 53
5 54
5 56
5 57
5 58
5 59
5 63
5 64
5 67
5 68
5 69
5 73
5 74
6 7
6 9
6 13
6 20
6 23
6 27
6 30
6 32
6 34
6 35
6 36
6 40
6 42
6 43
6 44
6 46
6 54
6 55
6 60
6 63
6 67
6 69
6 70
6 72
6 73
6 74
7 8
7 10
7 11
7 18
7 19
7 22
7 37
7 38
7 39
7 41
7 43
7 44
7 45
7 46
7 47
7 51
7 52
7 59
7 64
7 66
7 68
7 69
7 71
8 14
8 15
8 17
8 18
8 19
8 20
8 21
8 22
8 24
8 27
8 28
8 29
8 30
8 38
8 39
8 41
8 42
8 44
8 45
8 46
8 47
8 48
8 51
8 53
8 54
8 56
8 57
8 62
8 65
8 66
8 67
8 68
8 70
9 12
9 14
9 17
9 18
9 19
9 20
9 23
9 27
9 28
9 30
9 32
9 34
9 35
9 36
9 39
9 41
9 42
9 48
9 52
9 53
9 59
9 60
9 63
9 64
9 67
9 70
9 73
10 13
10 15
10 17
10 25
10 26
10 28
10 29
10 33
10 36
10 37
10 40
10 42
10 46
10 50
10 51
10 53
10 59
10 62
10 63
10 65
10 69
10 71
10 74
11 17
11 18
11 19
11 20
11 21
11 24
11 25
11 31
11 35
11 37
11 38
11 39
11 43
11 48
11 49
11 53
11 54
11 55
11 56
11 57
11 59
11 60
11 61
11 63
11 66
11 67
11 69
11 71
12 16
12 19
12 23
12 27
12 28
12 30
12 32
12 35
12 36
12 44
12 46
12 52
12 54
12 58
12 60
12 61
12 66
12 69
12 70
12 72
12 73
13 17
13 19
13 22
13 23
13 24
13 26
13 27
13 28
13 30
13 32
13 37
13 39
13 42
13 43
13 45
13 48
13 53
13 57
13 58
13 62
13 64
13 67
13 73
14 24
14 27
14 28
14 30
14 31
14 32
14 33
14 34
14 36
14 37
14 39
14 45
14 48
14 49
14 50
14 51
14 55
14 59
14 61
14 64
14 65
14 69
14 70
14 72
15 16
15 25
15 26
15 29
15 31
15 32
15 39
15 45
15 46
15 51
15 52
15 53
15 55
15 57
15 74
16 19
16 26
16 32
16 34
16 35
16 37
16 43
16 46
16 48
16 49
16 50
16 51
16 56
16 58
16 62
16 63
16 64
16 65
16 66
16 67
16 69
17 18
17 19
17 25
17 26
17 29
17 35
17 37
17 39
17 43
17 45
17 47
17 55
17 59
17 60
17 66
17 70
17 71
17 73
18 20
18 24
18 25
18 28
18 30
18 35
18 37
18 38
18 40
18 41
18 45
18 47
18 51
18 62
18 72
19 21
19 25
19 26
19 30
19 31
19 33
19 34
19 36
19 39
19 40
19 44
19 47
19 48
19 53
19 54
19 60
19 61
19 64
19 65
19 67
19 73
20 29
20 30
20 32
20 36
20 42
20 45
20 46
20 47
20 48
20 49
20 54
20 58
20 60
20 65
20 66
20 67
20 69
20 74
21 23
21 24
21 26
21 31
21 33
21 35
21 39
21 40
21 45
21 46
21 47
21 61
21 66
21 71
21 72
21 73
22 23
22 27
22 31
22 32
22 34
22 36
22 37
22 44
22 48
22 53
22 55
22 56
22 64
22 66
22 70
22 74
23 26
23 31
23 36
23 37
23 41
23 44
23 47
23 50
23 51
23 53
23 61
23 65
23 66
23 71
24 27
24 28
24 29
24 31
24 36
24 37
24 38
24 40
24 45
24 48
24 50
24 52
24 54
24 55
24 60
24 61
24 69
24 71
24 72
25 30
25 32
25 33
25 39
25 41
25 42
25 43
25 46
25 49
25 54
25 55
25 57
25 60
25 63
25 64
25 67
25 69
25 73
26 33
26 34
26 36
26 37
26 38
26 41
26 47
26 50
26 51
26 54
26 56
26 60
26 63
26 64
26 66
26 70
26 71
26 72
27 28
27 31
27 32
27 37
27 38
27 43
27 44
27 45
27 47
27 50
27 51
27 57
27 62
27 70
27 72
27 73
27 74
28 29
28 30
28 37
28 39
28 41
28 45
28 48
28 50
28 51
28 54
28 57
28 61
28 64
28 65
28 66
28 68
28 70
28 71
29 31
29 34
29 35
29 41
29 42
29 44
29 45
29 46
29 49
29 50
29 53
29 55
29 63
29 66
29 68
29 74
30 35
30 38
30 49
30 53
30 54
30 56
30 58
30 59
30 62
30 69
30 70
30 71
31 35
31 37
31 40
31 41
31 46
31 49
31 54
31 61
31 65
31 68
31 69
31 72
32 36
32 38
32 39
32 42
32 45
32 48
32 53
32 55
32 57
32 58
33 34
33 35
33 41
33 43
33 44
33 47
33 49
33 50
33 53
33 55
33 56
33 58
33 60
33 72
34 39
34 41
34 45
34 46
34 56
34 57
34 59
34 64
34 65
34 68
34 70
34 72
34 73
34 74
35 37
35 38
35 40
35 45
35 46
35 47
35 50
35 53
35 57
35 58
35 59
35 60
35 61
35 62
35 64
35 68
35 70
36 38
36 44
36 45
36 48
36 50
36 56
36 60
36 64
36 65
36 66
36 69
36 70
36 72
36 74
37 38
37 39
37 43
37 45
37 50
37 51
37 52
37 55
37 62
37 63
37 64
37 66
37 71
37 72
37 74
38 40
38 48
38 55
38 57
38 61
38 62
38 65
38 66
38 70
39 40
39 41
39 44
39 45
39 51
39 54
39 57
39 62
39 63
39 67
39 69
39 71
40 44
40 45
40 50
40 51
40 53
40 54
40 58
40 59
40 62
40 64
40 71
41 42
41 45
41 46
41 50
41 57
41 61
41 62
41 65
41 67
41 68
41 69
41 70
41 72
42 43
42 44
42 46
42 54
42 59
42 62
42 63
42 66
42 68
42 70
42 72
42 73
42 74
43 48
43 49
43 53
43 54
43 57
43 60
43 62
43 63
43 65
43 66
43 71
44 46
44 48
44 51
44 54
44 56
44 57
44 59
44 61
44 62
44 64
44 65
44 67
44 71
45 46
45 48
45 50
45 53
45 54
45 55
45 58
45 61
45 63
45 64
45 65
45 67
45 68
45 69
45 70
45 71
45 72
45 73
45 74
46 50
46 52
46 55
46 56
46 58
46 61
46 66
46 70
46 74
47 51
47 52
47 53
47 61
47 67
47 68
47 70
47 71
47 74
48 50
48 51
48 53
48 57
48 58
48 60
48 62
48 67
48 68
48 70
48 71
49 53
49 55
49 56
49 57
49 62
49 64
49 65
49 66
49 68
49 71
49 72
49 74
50 53
50 55
50 56
50 57
50 59
50 60
50 67
50 68
50 70
50 74
51 53
51 54
51 55
51 56
51 59
51 61
51 66
51 69
51 70
51 71
52 59
52 61
52 62
52 65
52 67
52 68
52 69
52 72
52 74
53 56
53 57
53 58
53 61
53 63
53 64
53 70
53 71
53 72
54 55
54 56
54 63
54 64
54 65
54 68
55 57
55 60
55 66
55 68
55 74
56 58
57 63
57 64
57 65
57 68
57 73
57 74
58 66
58 68
58 70
58 73
58 74
59 65
59 66
59 67
59 68
59 69
59 70
59 74
60 61
60 65
61 62
61 69
61 70
61 72
62 65
62 68
62 72
62 74
63 64
63 71
64 66
64 68
64 71
64 74
65 67
66 71
66 72
66 73
66 74
67 69
67 72
67 74
68 69
68 70
68 72
68 73
68 74
69 70
69 71
69 73
71 74
72 73
73 74

