1
150 5000
0 3
0 5
0 8
0 10
0 11
0 13
0 15
0 16
0 17
0 18
0 22
0 26
0 28
0 29
0 30
0 38
0 42
0 43
0 45
0 47
0 49
0 50
0 51
0 53
0 55
0 57
0 58
0 60
0 66
0 68
0 72
0 73
0 74
0 79
0 80
0 85
0 86
0 87
0 88
0 90
0 93
0 95
0 96
0 97
0 99
0 100
0 102
0 105
0 106
0 113
0 115
0 116
0 117
0 118
0 119
0 121
0 122
0 123
0 124
0 125
0 126
0 128
0 129
0 130
0 134
0 136
0 138
0 141
0 142
0 144
0 145
0 146
0 147
0 148
1 3
1 5
1 6
1 19
1 21
1 22
1 25
1 26
1 28
1 30
1 33
1 36
1 39
1 41
1 48
1 52
1 53
1 54
1 59
1 61
1 62
1 65
1 67
1 76
1 79
1 82
1 84
1 85
1 87
1 88
1 92
1 93
1 95
1 96
1 99
1 100
1 104
1 106
1 107
1 108
1 109
1 112
1 115
1 117
1 118
1 119
1 120
1 122
1 124
1 125
1 128
1 137
1 138
1 140
1 145
1 146
1 147
1 148
2 5
2 7
2 10
2 14
2 15
2 17
2 20
2 21
2 22
2 24
2 26
2 28
2 30
2 31
2 33
2 34
2 35
2 39
2 41
2 42
2 43
2 45
2 49
2 51
2 52
2 53
2 55
2 56
2 62
2 66
2 71
2 73
2 74
2 76
2 77
2 82
2 88
2 89
2 91
2 92
2 93
2 94
2 96
2 105
2 106
2 107
2 108
2 111
2 114
2 115
2 116
2 118
2 120
2 125
2 129
2 131
2 132
2 137
2 140
2 145
2 146
2 147
3 4
3 5
3 6
3 8
3 13
3 14
3 15
3 16
3 17
3 20
3 23
3 24
3 33
3 34
3 35
3 36
3 37
3 39
3 40
3 42
3 45
3 48
3 49
3 50
3 52
3 53
3 54
3 55
3 60
3 65
3 67
3 68
3 70
3 72
3 75
3 81
3 82
3 84
3 87
3 88
3 92
3 95
3 96
3 98
3 100
3 101
3 102
3 103
3 109
3 111
3 113
3 117
3 121
3 123
3 125
3 128
3 129
3 131
3 132
3 135
3 136
3 140
3 141
3 142
3 143
3 145
3 147
4 9
4 10
4 16
4 20
4 22
4 23
4 25
4 26
4 30
4 31
4 33
4 35
4 39
4 41
4 45
4 48
4 49
4 55
4 56
4 61
4 64
4 65
4 66
4 67
4 68
4 69
4 71
4 73
4 80
4 82
4 85
4 86
4 89
4 90
4 91
4 92
4 93
4 94
4 98
4 100
4 101
4 106
4 111
4 112
4 117
4 118
4 122
4 125
4 127
4 128
4 134
4 135
4 138
4 139
4 140
4 141
4 143
4 144
4 145
4 147
4 148
5 6
5 10
5 11
5 13
5 14
5 15
5 18
5 25
5 27
5 32
5 33
5 34
5 37
5 38
5 42
5 43
5 46
5 47
5 50
5 52
5 53
5 56
5 58
5 59
5 60
5 61
5 63
5 67
5 68
5 73
5 76
5 80
5 81
5 82
5 83
5 86
5 87
5 88
5 91
5 95
5 96
5 99
5 100
5 101
5 106
5 112
5 115
5 116
5 119
5 120
5 121
5 125
5 126
5 127
5 128
5 129
5 133
5 137
5 139
5 140
5 145
5 147
5 149
6 7
6 10
6 12
6 14
6 15
6 17
6 19
6 23
6 33
6 34
6 36
6 41
6 42
6 44
6 45
6 49
6 54
6 59
6 60
6 62
6 63
6 67
6 69
6 70
6 71
6 72
6 74
6 75
6 77
6 82
6 84
6 87
6 88
6 92
6 93
6 95
6 98
6 99
6 104
6 105
6 106
6 108
6 109
6 110
6 111
6 113
6 114
6 115
6 116
6 117
6 121
6 126
6 128
6 129
6 130
6 131
6 132
6 139
6 140
6 141
6 142
6 144
6 145
6 146
7 16
7 20
7 21
7 22
7 23
7 26
7 27
7 29
7 30
7 32
7 35
7 36
7 37
7 39
7 41
7 43
7 45
7 46
7 49
7 50
7 52
7 53
7 57
7 61
7 62
7 63
7 64
7 65
7 68
7 69
7 72
7 73
7 79
7 81
7 86
7 88
7 91
7 93
7 94
7 95
7 96
7 97
7 98
7 101
7 105
7 113
7 114
7 115
7 120
7 121
7 127
7 130
7 134
7 136
7 140
7 141
7 144
7 147
8 9
8 10
8 11
8 14
8 16
8 17
8 18
8 20
8 21
8 23
8 25
8 29
8 32
8 33
8 37
8 38
8 42
8 44
8 46
8 47
8 48
8 49
8 50
8 51
8 52
8 53
8 55
8 56
8 59
8 61
8 65
8 67
8 74
8 78
8 79
8 80
8 81
8 88
8 90
8 91
8 92
8 97
8 98
8 101
8 105
8 106
8 108
8 112
8 114
8 116
8 117
8 120
8 121
8 123
8 126
8 127
8 129
8 131
8 138
8 140
8 141
8 142
8 144
8 145
8 146
8 148
8 149
9 12
9 18
9 23
9 27
9 28
9 29
9 30
9 31
9 33
9 35
9 36
9 37
9 39
9 41
9 43
9 44
9 45
9 47
9 48
9 50
9 51
9 52
9 54
9 55
9 57
9 59
9 62
9 63
9 64
9 65
9 68
9 70
9 77
9 78
9 79
9 81
9 84
9 89
9 92
9 93
9 94
9 95
9 97
9 99
9 101
9 102
9 105
9 108
9 109
9 111
9 112
9 113
9 114
9 116
9 118
9 120
9 123
9 128
9 129
9 131
9 132
9 137
9 138
9 141
9 142
9 143
9 144
9 145
9 147
9 149
10 11
10 12
10 14
10 17
10 23
10 24
10 26
10 27
10 29
10 30
10 31
10 32
10 36
10 37
10 39
10 40
10 45
10 48
10 50
10 51
10 56
10 61
10 62
10 63
10 64
10 65
10 67
10 68
10 70
10 71
10 73
10 78
10 80
10 81
10 82
10 85
10 86
10 88
10 90
10 97
10 98
10 102
10 104
10 106
10 109
10 111
10 112
10 116
10 117
10 125
10 127
10 135
10 137
10 138
10 139
10 140
10 141
10 142
10 143
10 144
10 145
11 14
11 15
11 17
11 24
11 30
11 33
11 34
11 36
11 40
11 41
11 43
11 48
11 49
11 51
11 52
11 53
11 54
11 58
11 60
11 62
11 65
11 66
11 69
11 72
11 73
11 76
11 80
11 81
11 82
11 83
11 92
11 95
11 97
11 99
11 102
11 106
11 107
11 108
11 111
11 114
11 120
11 123
11 124
11 126
11 127
11 128
11 129
11 130
11 131
11 132
11 135
11 138
11 140
11 141
11 142
11 143
11 144
11 146
11 147
12 14
12 16
12 19
12 20
12 21
12 23
12 28
12 29
12 30
12 32
12 33
12 34
12 35
12 39
12 41
12 43
12 46
12 47
12 49
12 52
12 53
12 54
12 59
12 60
12 61
12 66
12 67
12 69
12 76
12 78
12 80
12 81
12 84
12 86
12 87
12 88
12 90
12 91
12 92
12 93
12 94
12 97
12 98
12 100
12 103
12 104
12 111
12 112
12 113
12 115
12 116
12 117
12 118
12 119
12 128
12 130
12 131
12 132
12 133
12 140
12 141
12 142
12 145
12 146
12 147
12 148
12 149
13 17
13 19
13 24
13 25
13 26
13 30
13 32
13 34
13 35
13 37
13 38
13 39
13 42
13 53
13 54
13 56
13 57
13 60
13 63
13 64
13 65
13 67
13 72
13 73
13 74
13 77
13 79
13 80
13 81
13 82
13 83
13 85
13 87
13 88
13 91
13 92
13 93
13 94
13 95
13 96
13 98
13 99
13 100
13 103
13 105
13 106
13 107
13 108
13 112
13 115
13 116
13 117
13 119
13 120
13 122
13 123
13 131
13 132
13 133
13 134
13 141
13 142
13 143
13 144
13 149
14 18
14 27
14 28
14 30
14 31
14 34
14 40
14 43
14 44
14 46
14 50
14 51
14 57
14 64
14 66
14 67
14 70
14 74
14 75
14 76
14 81
14 83
14 84
14 88
14 92
14 93
14 98
14 100
14 101
14 102
14 103
14 104
14 106
14 108
14 110
14 111
14 113
14 114
14 115
14 117
14 118
14 119
14 120
14 125
14 126
14 127
14 128
14 129
14 130
14 133
14 136
14 137
14 139
14 142
14 143
14 144
14 145
14 148
15 16
15 18
15 22
15 24
15 25
15 31
15 33
15 35
15 38
15 40
15 41
15 47
15 49
15 52
15 55
15 56
15 60
15 61
15 64
15 66
15 69
15 71
15 77
15 78
15 85
15 88
15 91
15 92
15 93
15 95
15 97
15 98
15 101
15 106
15 111
15 114
15 117
15 121
15 122
15 123
15 128
15 130
15 134
15 135
15 139
15 141
15 142
15 144
16 21
16 24
16 25
16 26
16 27
16 29
16 42
16 44
16 45
16 48
16 49
16 50
16 51
16 52
16 53
16 56
16 57
16 60
16 61
16 63
16 65
16 66
16 68
16 71
16 72
16 75
16 77
16 79
16 80
16 82
16 83
16 87
16 89
16 90
16 98
16 99
16 101
16 102
16 103
16 104
16 105
16 109
16 110
16 111
16 112
16 113
16 117
16 118
16 120
16 121
16 122
16 123
16 124
16 125
16 129
16 131
16 132
16 138
16 139
16 141
16 142
16 143
16 144
16 145
16 146
16 147
16 148
16 149
17 18
17 20
17 21
17 23
17 27
17 29
17 32
17 34
17 35
17 38
17 41
17 43
17 49
17 51
17 52
17 53
17 57
17 58
17 59
17 61
17 66
17 67
17 69
17 71
17 72
17 73
17 79
17 80
17 84
17 86
17 88
17 89
17 95
17 98
17 102
17 107
17 108
17 112
17 113
17 114
17 116
17 118
17 119
17 120
17 122
17 124
17 125
17 130
17 132
17 133
17 134
17 135
17 141
17 142
17 146
17 148
18 19
18 20
18 22
18 24
18 25
18 26
18 27
18 29
18 32
18 37
18 38
18 40
18 41
18 45
18 46
18 47
18 48
18 49
18 51
18 57
18 59
18 61
18 65
18 68
18 69
18 70
18 72
18 73
18 75
18 76
18 78
18 79
18 80
18 82
18 90
18 93
18 94
18 95
18 98
18 101
18 102
18 103
18 105
18 110
18 113
18 115
18 120
18 123
18 127
18 132
18 136
18 137
18 138
18 140
18 144
18 147
19 20
19 21
19 22
19 23
19 25
19 26
19 27
19 30
19 33
19 35
19 36
19 39
19 40
19 41
19 46
19 47
19 52
19 54
19 55
19 59
19 60
19 61
19 65
19 66
19 71
19 74
19 76
19 80
19 82
19 83
19 84
19 85
19 86
19 87
19 89
19 90
19 91
19 92
19 96
19 97
19 100
19 101
19 106
19 107
19 108
19 109
19 110
19 111
19 112
19 113
19 115
19 118
19 119
19 122
19 125
19 126
19 128
19 129
19 134
19 136
19 137
19 141
19 142
19 143
19 146
19 148
20 25
20 26
20 29
20 31
20 32
20 33
20 34
20 36
20 39
20 41
20 42
20 44
20 46
20 47
20 52
20 54
20 58
20 59
20 62
20 64
20 66
20 67
20 70
20 74
20 76
20 77
20 78
20 80
20 84
20 85
20 86
20 87
20 89
20 91
20 93
20 95
20 97
20 101
20 103
20 104
20 105
20 107
20 110
20 112
20 113
20 114
20 116
20 117
20 122
20 123
20 124
20 132
20 135
20 137
20 140
20 141
20 148
21 22
21 23
21 26
21 28
21 29
21 30
21 31
21 34
21 36
21 39
21 40
21 47
21 52
21 57
21 59
21 64
21 65
21 66
21 71
21 72
21 73
21 76
21 80
21 83
21 84
21 86
21 91
21 94
21 99
21 100
21 104
21 105
21 106
21 114
21 119
21 121
21 122
21 123
21 124
21 129
21 131
21 132
21 134
21 135
21 137
21 138
21 139
21 141
21 144
21 145
21 149
22 25
22 26
22 30
22 31
22 33
22 34
22 36
22 38
22 39
22 41
22 42
22 43
22 44
22 45
22 47
22 54
22 55
22 56
22 57
22 58
22 64
22 66
22 67
22 68
22 70
22 71
22 72
22 74
22 77
22 79
22 80
22 81
22 82
22 88
22 89
22 92
22 93
22 94
22 96
22 98
22 100
22 102
22 106
22 108
22 111
22 112
22 113
22 117
22 119
22 123
22 124
22 125
22 127
22 128
22 130
22 133
22 138
22 141
22 144
22 145
22 149
23 26
23 31
23 33
23 36
23 41
23 43
23 44
23 46
23 47
23 50
23 53
23 54
23 55
23 57
23 70
23 71
23 72
23 77
23 78
23 79
23 81
23 82
23 83
23 85
23 86
23 87
23 94
23 96
23 97
23 98
23 100
23 101
23 103
23 105
23 106
23 107
23 112
23 114
23 115
23 124
23 125
23 126
23 127
23 130
23 132
23 135
23 136
23 139
23 140
23 143
23 148
23 149
24 28
24 33
24 35
24 36
24 39
24 42
24 43
24 45
24 47
24 54
24 58
24 59
24 60
24 61
24 64
24 65
24 66
24 69
24 70
24 72
24 73
24 74
24 75
24 83
24 89
24 93
24 94
24 95
24 96
24 97
24 99
24 102
24 104
24 106
24 107
24 110
24 112
24 114
24 116
24 120
24 121
24 122
24 126
24 127
24 128
24 130
24 133
24 134
24 136
24 141
24 142
24 143
24 146
24 147
25 26
25 27
25 31
25 32
25 33
25 34
25 36
25 40
25 42
25 46
25 51
25 52
25 54
25 56
25 57
25 59
25 62
25 63
25 64
25 71
25 72
25 73
25 75
25 77
25 80
25 83
25 84
25 85
25 86
25 90
25 93
25 94
25 96
25 97
25 100
25 105
25 106
25 107
25 109
25 110
25 111
25 114
25 117
25 118
25 119
25 121
25 122
25 123
25 125
25 127
25 131
25 133
25 135
25 136
25 137
25 138
25 139
25 140
25 142
25 144
25 145
25 146
25 148
26 34
26 36
26 38
26 41
26 43
26 44
26 45
26 46
26 47
26 48
26 50
26 51
26 53
26 54
26 55
26 60
26 62
26 63
26 64
26 65
26 66
26 67
26 69
26 71
26 75
26 76
26 78
26 82
26 84
26 86
26 89
26 90
26 93
26 94
26 96
26 98
26 102
26 103
26 106
26 107
26 109
26 111
26 112
26 113
26 116
26 117
26 118
26 122
26 124
26 125
26 130
26 134
26 135
26 136
26 138
26 141
26 146
27 28
27 30
27 33
27 35
27 38
27 39
27 42
27 43
27 44
27 46
27 47
27 48
27 52
27 57
27 59
27 60
27 62
27 65
27 67
27 73
27 75
27 76
27 78
27 79
27 81
27 83
27 84
27 93
27 95
27 96
27 99
27 100
27 101
27 102
27 106
27 109
27 114
27 119
27 122
27 126
27 130
27 135
27 139
27 140
27 141
27 142
27 144
27 145
27 149
28 29
28 30
28 45
28 49
28 51
28 52
28 53
28 54
28 56
28 57
28 61
28 62
28 64
28 65
28 66
28 69
28 70
28 74
28 75
28 77
28 78
28 83
28 84
28 85
28 86
28 88
28 90
28 91
28 93
28 96
28 98
28 99
28 102
28 104
28 105
28 107
28 115
28 116
28 117
28 118
28 124
28 125
28 130
28 132
28 134
28 141
28 143
28 144
28 145
28 147
29 30
29 34
29 35
29 39
29 40
29 42
29 44
29 45
29 46
29 48
29 49
29 55
29 61
29 62
29 63
29 67
29 68
29 70
29 74
29 75
29 76
29 78
29 79
29 80
29 82
29 88
29 89
29 92
29 97
29 109
29 111
29 112
29 113
29 114
29 116
29 119
29 123
29 125
29 127
29 128
29 130
29 132
29 133
29 134
29 135
29 140
29 142
29 143
29 144
29 147
29 148
30 31
30 34
30 35
30 36
30 40
30 45
30 48
30 49
30 52
30 53
30 54
30 61
30 62
30 64
30 69
30 70
30 72
30 74
30 77
30 79
30 80
30 88
30 90
30 93
30 94
30 103
30 105
30 106
30 113
30 114
30 115
30 117
30 125
30 126
30 127
30 129
30 130
30 131
30 134
30 135
30 137
30 139
30 143
30 145
30 147
30 148
30 149
31 32
31 36
31 37
31 43
31 44
31 45
31 49
31 50
31 51
31 54
31 57
31 61
31 62
31 63
31 64
31 68
31 69
31 70
31 72
31 75
31 77
31 80
31 82
31 84
31 85
31 86
31 90
31 91
31 92
31 94
31 97
31 98
31 102
31 104
31 107
31 108
31 109
31 116
31 117
31 124
31 129
31 131
31 132
31 135
31 136
31 137
31 140
31 141
31 142
31 143
31 146
31 147
31 149
32 33
32 37
32 41
32 42
32 44
32 45
32 47
32 50
32 54
32 58
32 60
32 61
32 62
32 67
32 69
32 70
32 72
32 74
32 76
32 79
32 81
32 82
32 84
32 87
32 89
32 90
32 91
32 92
32 93
32 94
32 97
32 98
32 99
32 102
32 104
32 106
32 107
32 108
32 109
32 111
32 112
32 114
32 116
32 123
32 126
32 131
32 133
32 135
32 136
32 142
32 143
33 34
33 35
33 39
33 41
33 44
33 45
33 47
33 49
33 50
33 51
33 52
33 53
33 55
33 56
33 60
33 66
33 69
33 70
33 73
33 74
33 81
33 82
33 85
33 94
33 96
33 98
33 103
33 106
33 112
33 114
33 116
33 118
33 120
33 121
33 123
33 124
33 127
33 130
33 131
33 137
33 139
33 140
33 141
33 147
34 37
34 38
34 39
34 41
34 45
34 46
34 48
34 49
34 50
34 52
34 56
34 60
34 62
34 63
34 65
34 67
34 68
34 70
34 71
34 74
34 76
34 77
34 82
34 83
34 86
34 91
34 94
34 98
34 99
34 100
34 104
34 105
34 108
34 110
34 111
34 112
34 113
34 114
34 119
34 121
34 128
34 130
34 138
34 139
34 142
34 143
34 144
34 145
34 146
34 147
34 148
34 149
35 36
35 37
35 41
35 44
35 45
35 47
35 48
35 50
35 51
35 53
35 58
35 59
35 60
35 61
35 64
35 65
35 66
35 67
35 68
35 70
35 73
35 75
35 81
35 87
35 90
35 91
35 92
35 94
35 96
35 98
35 105
35 108
35 109
35 110
35 111
35 113
35 115
35 121
35 122
35 123
35 124
35 126
35 127
35 128
35 130
35 132
35 133
35 134
35 135
35 136
35 139
35 140
35 145
35 147
35 149
36 37
36 38
36 41
36 42
36 44
36 46
36 47
36 49
36 50
36 52
36 55
36 56
36 60
36 61
36 62
36 63
36 66
36 67
36 69
36 71
36 72
36 74
36 75
36 78
36 81
36 82
36 85
36 89
36 95
36 98
36 109
36 113
36 115
36 116
36 118
36 119
36 120
36 123
36 125
36 128
36 131
36 132
36 134
36 137
36 138
36 139
36 140
36 142
36 143
36 144
36 145
36 146
36 148
36 149
37 38
37 39
37 40
37 43
37 44
37 49
37 54
37 55
37 59
37 60
37 61
37 62
37 63
37 64
37 66
37 68
37 72
37 74
37 78
37 80
37 82
37 83
37 91
37 92
37 93
37 98
37 100
37 101
37 102
37 103
37 113
37 116
37 117
37 119
37 120
37 123
37 124
37 125
37 126
37 130
37 131
37 133
37 134
37 136
37 137
37 138
37 142
37 144
37 145
38 47
38 48
38 52
38 56
38 59
38 63
38 65
38 72
38 75
38 76
38 83
38 85
38 86
38 87
38 93
38 95
38 97
38 101
38 103
38 104
38 105
38 106
38 107
38 112
38 114
38 115
38 123
38 126
38 127
38 130
38 138
38 140
38 141
38 142
38 144
38 145
39 42
39 44
39 45
39 47
39 49
39 51
39 53
39 54
39 60
39 68
39 69
39 72
39 75
39 77
39 80
39 83
39 84
39 86
39 89
39 90
39 94
39 96
39 99
39 100
39 101
39 102
39 103
39 107
39 108
39 110
39 112
39 117
39 120
39 121
39 123
39 125
39 126
39 128
39 130
39 132
39 138
39 141
39 142
39 146
39 148
40 43
40 46
40 50
40 51
40 52
40 54
40 58
40 61
40 62
40 63
40 67
40 68
40 71
40 75
40 76
40 78
40 81
40 82
40 83
40 85
40 86
40 87
40 88
40 89
40 90
40 92
40 93
40 94
40 96
40 97
40 99
40 104
40 105
40 106
40 107
40 111
40 113
40 114
40 118
40 120
40 122
40 130
40 132
40 136
40 137
40 138
40 140
40 144
40 149
41 43
41 44
41 45
41 46
41 47
41 50
41 52
41 54
41 55
41 57
41 59
41 65
41 67
41 69
41 71
41 72
41 73
41 76
41 77
41 78
41 80
41 81
41 92
41 93
41 98
41 100
41 102
41 103
41 104
41 106
41 107
41 109
41 111
41 112
41 114
41 115
41 120
41 121
41 126
41 129
41 132
41 137
41 138
41 139
41 141
41 142
41 144
42 44
42 45
42 46
42 47
42 51
42 58
42 66
42 67
42 69
42 70
42 72
42 73
42 76
42 77
42 78
42 81
42 82
42 84
42 85
42 88
42 92
42 93
42 94
42 95
42 98
42 99
42 102
42 103
42 107
42 111
42 115
42 116
42 118
42 120
42 121
42 127
42 129
42 131
42 136
42 137
42 138
42 143
42 144
42 145
42 149
43 44
43 45
43 49
43 50
43 52
43 54
43 55
43 57
43 58
43 60
43 61
43 64
43 65
43 67
43 68
43 72
43 75
43 76
43 78
43 81
43 83
43 88
43 89
43 91
43 92
43 95
43 96
43 98
43 100
43 101
43 102
43 108
43 112
43 117
43 120
43 121
43 122
43 123
43 124
43 125
43 133
43 135
43 136
43 138
43 143
43 145
43 146
44 46
44 52
44 55
44 57
44 58
44 59
44 61
44 64
44 66
44 67
44 69
44 70
44 71
44 72
44 73
44 74
44 76
44 78
44 79
44 83
44 86
44 90
44 96
44 97
44 98
44 100
44 102
44 103
44 112
44 113
44 115
44 116
44 117
44 119
44 128
44 129
44 134
44 136
44 138
44 140
44 141
44 142
44 143
44 145
44 146
44 149
45 48
45 51
45 54
45 55
45 56
45 57
45 58
45 60
45 61
45 62
45 63
45 64
45 65
45 68
45 69
45 73
45 74
45 77
45 79
45 80
45 83
45 84
45 86
45 87
45 88
45 90
45 91
45 92
45 96
45 99
45 100
45 103
45 104
45 106
45 107
45 108
45 109
45 110
45 111
45 112
45 113
45 114
45 115
45 116
45 117
45 118
45 120
45 121
45 122
45 127
45 129
45 132
45 133
45 135
45 136
45 137
45 138
45 141
45 142
45 146
46 47
46 51
46 55
46 56
46 57
46 58
46 59
46 61
46 70
46 74
46 81
46 82
46 83
46 84
46 85
46 87
46 89
46 90
46 95
46 96
46 97
46 98
46 99
46 101
46 103
46 104
46 105
46 106
46 108
46 109
46 110
46 112
46 113
46 116
46 118
46 119
46 123
46 125
46 127
46 128
46 132
46 138
46 140
46 142
46 143
46 145
46 146
47 52
47 53
47 57
47 60
47 61
47 64
47 67
47 68
47 71
47 73
47 74
47 75
47 77
47 78
47 79
47 80
47 82
47 83
47 84
47 86
47 87
47 88
47 93
47 94
47 95
47 98
47 102
47 103
47 104
47 106
47 112
47 115
47 116
47 122
47 125
47 126
47 134
47 136
47 140
47 142
47 144
47 145
47 146
47 147
47 148
48 49
48 50
48 52
48 53
48 54
48 55
48 56
48 58
48 59
48 61
48 62
48 63
48 66
48 68
48 69
48 71
48 77
48 79
48 81
48 85
48 86
48 88
48 89
48 90
48 97
48 103
48 105
48 109
48 113
48 114
48 115
48 119
48 123
48 126
48 131
48 134
48 135
48 136
48 137
48 138
48 141
48 143
48 144
48 146
48 148
49 53
49 54
49 57
49 58
49 60
49 62
49 63
49 64
49 66
49 67
49 73
49 74
49 77
49 79
49 82
49 86
49 89
49 90
49 93
49 95
49 97
49 100
49 101
49 104
49 106
49 107
49 108
49 109
49 114
49 116
49 117
49 118
49 126
49 130
49 132
49 135
49 138
49 139
49 142
49 143
49 145
49 147
49 149
50 52
50 53
50 54
50 55
50 56
50 59
50 60
50 62
50 63
50 65
50 66
50 69
50 74
50 75
50 79
50 81
50 83
50 87
50 88
50 91
50 93
50 96
50 98
50 99
50 101
50 102
50 103
50 104
50 107
50 112
50 116
50 117
50 118
50 120
50 121
50 122
50 126
50 127
50 134
50 135
50 140
50 142
50 143
50 144
50 145
51 53
51 55
51 56
51 59
51 62
51 63
51 65
51 67
51 70
51 80
51 81
51 82
51 85
51 87
51 89
51 90
51 91
51 92
51 94
51 97
51 99
51 101
51 103
51 109
51 110
51 121
51 123
51 126
51 129
51 135
51 139
51 141
51 145
51 146
52 53
52 54
52 58
52 59
52 62
52 64
52 65
52 67
52 72
52 74
52 75
52 77
52 79
52 80
52 81
52 82
52 84
52 85
52 87
52 90
52 97
52 101
52 103
52 105
52 112
52 113
52 117
52 121
52 122
52 124
52 127
52 131
52 132
52 134
52 136
52 138
52 139
52 141
52 142
52 143
52 147
52 148
53 55
53 56
53 57
53 58
53 59
53 62
53 63
53 64
53 65
53 69
53 72
53 74
53 82
53 84
53 85
53 87
53 94
53 95
53 97
53 98
53 99
53 100
53 103
53 104
53 105
53 108
53 109
53 110
53 111
53 112
53 115
53 117
53 118
53 120
53 121
53 122
53 125
53 126
53 128
53 130
53 131
53 132
53 133
53 136
53 138
53 139
53 140
53 141
53 145
53 146
53 147
53 148
54 58
54 59
54 60
54 65
54 68
54 69
54 72
54 75
54 76
54 81
54 83
54 84
54 87
54 89
54 90
54 91
54 92
54 95
54 100
54 105
54 106
54 108
54 111
54 114
54 115
54 124
54 126
54 127
54 131
54 133
54 136
54 137
54 138
54 140
54 142
54 145
54 146
54 147
54 148
54 149
55 59
55 60
55 62
55 64
55 65
55 66
55 67
55 70
55 72
55 85
55 86
55 87
55 89
55 92
55 93
55 98
55 102
55 103
55 112
55 113
55 116
55 117
55 119
55 120
55 121
55 123
55 124
55 126
55 128
55 129
55 130
55 132
55 133
55 135
55 136
55 138
55 140
55 141
55 143
55 145
55 146
55 148
55 149
56 60
56 65
56 68
56 70
56 72
56 73
56 74
56 77
56 79
56 80
56 81
56 86
56 87
56 88
56 89
56 96
56 101
56 102
56 104
56 111
56 114
56 119
56 121
56 124
56 125
56 127
56 129
56 130
56 133
56 137
56 139
56 140
56 146
56 147
56 149
57 62
57 64
57 65
57 70
57 74
57 75
57 77
57 80
57 83
57 84
57 85
57 87
57 88
57 89
57 90
57 93
57 94
57 100
57 102
57 104
57 107
57 108
57 109
57 110
57 111
57 112
57 113
57 114
57 115
57 116
57 117
57 120
57 128
57 131
57 136
57 137
57 138
57 140
57 145
57 148
57 149
58 59
58 60
58 62
58 65
58 66
58 70
58 71
58 75
58 76
58 77
58 78
58 85
58 86
58 87
58 88
58 90
58 91
58 95
58 100
58 101
58 104
58 105
58 106
58 108
58 110
58 111
58 113
58 115
58 118
58 120
58 121
58 126
58 127
58 128
58 129
58 130
58 131
58 133
58 135
58 136
58 137
58 143
58 144
58 146
58 148
58 149
59 63
59 65
59 68
59 74
59 80
59 82
59 84
59 87
59 90
59 91
59 95
59 96
59 97
59 98
59 101
59 109
59 110
59 113
59 114
59 120
59 122
59 123
59 124
59 126
59 127
59 129
59 133
59 134
59 135
59 140
59 142
59 143
59 144
59 149
60 64
60 65
60 66
60 68
60 70
60 71
60 74
60 76
60 77
60 80
60 82
60 85
60 87
60 88
60 90
60 91
60 92
60 94
60 98
60 99
60 101
60 102
60 103
60 106
60 111
60 114
60 118
60 122
60 123
60 126
60 129
60 131
60 133
60 134
60 137
60 138
60 140
60 143
60 147
60 148
60 149
61 69
61 72
61 75
61 76
61 77
61 80
61 82
61 84
61 86
61 92
61 94
61 95
61 96
61 99
61 100
61 101
61 102
61 106
61 107
61 108
61 109
61 111
61 112
61 114
61 115
61 116
61 117
61 118
61 119
61 120
61 122
61 125
61 126
61 128
61 130
61 134
61 136
61 137
61 147
61 148
61 149
62 67
62 68
62 69
62 71
62 72
62 77
62 78
62 79
62 80
62 85
62 88
62 90
62 91
62 94
62 95
62 96
62 98
62 99
62 100
62 102
62 105
62 111
62 116
62 117
62 119
62 120
62 121
62 123
62 125
62 127
62 128
62 130
62 132
62 133
62 134
62 137
62 138
62 143
62 144
62 145
62 148
63 65
63 67
63 71
63 72
63 73
63 75
63 76
63 78
63 81
63 82
63 85
63 86
63 87
63 94
63 95
63 96
63 97
63 101
63 103
63 104
63 107
63 109
63 110
63 112
63 113
63 115
63 116
63 117
63 119
63 123
63 127
63 128
63 130
63 132
63 137
63 139
63 141
63 142
63 147
64 69
64 72
64 73
64 74
64 75
64 76
64 77
64 80
64 81
64 83
64 87
64 88
64 89
64 90
64 96
64 100
64 101
64 102
64 105
64 108
64 109
64 110
64 111
64 112
64 113
64 117
64 120
64 123
64 124
64 125
64 128
64 129
64 130
64 132
64 135
64 136
64 139
64 141
64 142
64 143
64 145
64 147
64 148
65 72
65 76
65 78
65 79
65 80
65 83
65 84
65 85
65 90
65 92
65 94
65 96
65 101
65 102
65 103
65 105
65 106
65 107
65 109
65 110
65 112
65 115
65 116
65 120
65 121
65 124
65 127
65 128
65 132
65 135
65 139
65 142
65 145
65 146
66 67
66 70
66 71
66 73
66 74
66 75
66 77
66 80
66 88
66 89
66 91
66 93
66 96
66 98
66 103
66 104
66 106
66 107
66 108
66 111
66 112
66 113
66 116
66 117
66 118
66 121
66 122
66 125
66 131
66 132
66 133
66 135
66 137
66 140
66 141
66 144
66 147
66 148
66 149
67 68
67 69
67 71
67 72
67 74
67 76
67 79
67 84
67 85
67 91
67 93
67 97
67 98
67 101
67 103
67 106
67 108
67 114
67 116
67 117
67 118
67 122
67 125
67 126
67 127
67 128
67 131
67 132
67 134
67 135
67 136
67 139
67 142
67 144
67 145
67 146
67 149
68 69
68 70
68 72
68 74
68 77
68 78
68 79
68 80
68 83
68 84
68 87
68 89
68 95
68 98
68 104
68 105
68 110
68 111
68 115
68 116
68 117
68 120
68 121
68 122
68 123
68 124
68 125
68 129
68 130
68 132
68 133
68 138
68 139
68 141
68 142
68 145
68 146
68 149
69 71
69 72
69 74
69 76
69 77
69 78
69 80
69 81
69 83
69 86
69 87
69 88
69 90
69 91
69 93
69 95
69 98
69 102
69 103
69 107
69 110
69 111
69 113
69 114
69 120
69 123
69 124
69 125
69 126
69 130
69 131
69 132
69 133
69 135
69 136
69 138
69 140
69 141
69 145
69 148
70 76
70 79
70 80
70 81
70 82
70 83
70 86
70 87
70 90
70 92
70 95
70 98
70 100
70 103
70 105
70 110
70 111
70 113
70 114
70 116
70 117
70 118
70 120
70 121
70 122
70 123
70 125
70 128
70 132
70 136
70 138
70 140
70 143
70 144
70 146
70 148
70 149
71 74
71 82
71 83
71 84
71 86
71 90
71 91
71 96
71 98
71 101
71 102
71 103
71 106
71 108
71 109
71 111
71 112
71 114
71 115
71 120
71 122
71 124
71 129
71 130
71 132
71 133
71 137
71 139
71 141
71 145
71 146
71 149
72 76
72 78
72 80
72 82
72 83
72 84
72 87
72 90
72 91
72 94
72 95
72 96
72 101
72 102
72 104
72 107
72 108
72 113
72 115
72 116
72 117
72 120
72 127
72 128
72 129
72 132
72 133
72 137
72 144
72 145
72 148
73 76
73 77
73 79
73 80
73 82
73 84
73 85
73 87
73 95
73 96
73 101
73 105
73 108
73 109
73 110
73 111
73 112
73 116
73 118
73 123
73 131
73 132
73 133
73 134
73 140
73 141
73 143
73 145
74 76
74 85
74 86
74 88
74 90
74 91
74 99
74 101
74 102
74 103
74 106
74 108
74 109
74 110
74 111
74 114
74 123
74 125
74 129
74 130
74 133
74 134
74 136
74 137
74 139
74 140
74 142
74 143
74 144
74 145
74 146
75 76
75 78
75 81
75 84
75 87
75 88
75 89
75 92
75 93
75 94
75 95
75 96
75 98
75 100
75 106
75 108
75 110
75 111
75 112
75 114
75 115
75 118
75 119
75 121
75 122
75 125
75 127
75 128
75 132
75 133
75 139
75 142
76 80
76 82
76 84
76 86
76 88
76 94
76 95
76 96
76 98
76 99
76 101
76 102
76 103
76 106
76 107
76 111
76 112
76 113
76 115
76 116
76 119
76 123
76 124
76 125
76 126
76 128
76 131
76 132
76 133
76 136
76 138
76 139
76 140
76 142
76 143
76 145
76 146
76 148
77 82
77 87
77 88
77 90
77 92
77 95
77 101
77 104
77 106
77 108
77 110
77 111
77 112
77 115
77 118
77 119
77 122
77 127
77 131
77 133
77 134
77 136
77 137
77 142
77 144
77 147
77 149
78 79
78 83
78 85
78 86
78 92
78 93
78 95
78 96
78 97
78 99
78 101
78 105
78 107
78 112
78 115
78 117
78 119
78 124
78 125
78 126
78 127
78 131
78 136
78 139
78 140
78 141
78 144
78 146
78 148
79 80
79 83
79 86
79 88
79 91
79 92
79 99
79 100
79 103
79 104
79 105
79 113
79 117
79 120
79 121
79 122
79 123
79 131
79 133
79 134
79 136
79 146
79 147
79 148
79 149
80 81
80 83
80 84
80 89
80 91
80 92
80 93
80 96
80 98
80 102
80 103
80 104
80 106
80 107
80 110
80 112
80 119
80 123
80 124
80 126
80 127
80 129
80 131
80 132
80 136
80 138
80 139
80 141
80 144
80 145
80 146
80 148
80 149
81 82
81 83
81 84
81 85
81 87
81 89
81 93
81 95
81 98
81 99
81 101
81 105
81 108
81 110
81 115
81 118
81 119
81 121
81 123
81 125
81 126
81 127
81 130
81 131
81 136
81 138
81 141
81 144
81 145
81 146
81 147
81 148
81 149
82 83
82 85
82 86
82 87
82 89
82 90
82 91
82 94
82 96
82 98
82 99
82 100
82 101
82 105
82 108
82 111
82 112
82 113
82 119
82 120
82 122
82 128
82 133
82 139
82 143
83 84
83 86
83 89
83 94
83 95
83 97
83 99
83 102
83 103
83 105
83 107
83 110
83 114
83 119
83 121
83 122
83 125
83 126
83 128
83 132
83 135
83 137
83 138
83 140
83 141
83 149
84 86
84 90
84 92
84 93
84 95
84 96
84 98
84 99
84 102
84 104
84 105
84 108
84 110
84 111
84 112
84 114
84 116
84 117
84 118
84 120
84 123
84 124
84 127
84 130
84 133
84 135
84 146
84 148
85 86
85 88
85 89
85 91
85 92
85 93
85 94
85 98
85 100
85 101
85 106
85 113
85 114
85 115
85 119
85 122
85 123
85 124
85 126
85 129
85 130
85 133
85 134
85 137
85 140
85 142
85 144
85 147
85 148
85 149
86 89
86 90
86 93
86 94
86 95
86 96
86 97
86 98
86 100
86 101
86 103
86 104
86 105
86 106
86 109
86 110
86 112
86 113
86 114
86 116
86 119
86 123
86 124
86 125
86 131
86 132
86 134
86 136
86 138
86 139
86 140
86 143
86 146
86 147
86 149
87 91
87 93
87 97
87 100
87 102
87 107
87 113
87 114
87 116
87 121
87 122
87 124
87 125
87 127
87 132
87 133
87 135
87 137
87 139
87 140
87 144
87 145
88 89
88 91
88 92
88 95
88 97
88 98
88 101
88 102
88 103
88 105
88 106
88 107
88 109
88 111
88 112
88 113
88 114
88 117
88 122
88 123
88 125
88 128
88 129
88 131
88 132
88 133
88 134
88 135
88 137
88 139
88 141
88 144
88 147
88 148
88 149
89 91
89 94
89 95
89 96
89 102
89 104
89 106
89 107
89 108
89 109
89 110
89 111
89 112
89 113
89 120
89 123
89 124
89 125
89 126
89 127
89 131
89 132
89 134
89 136
89 138
89 140
89 142
89 143
89 144
89 145
89 147
89 148
90 91
90 92
90 98
90 99
90 102
90 104
90 105
90 107
90 115
90 120
90 123
90 125
90 126
90 127
90 131
90 132
90 140
90 144
90 148
90 149
91 94
91 95
91 99
91 104
91 105
91 106
91 107
91 108
91 110
91 112
91 114
91 115
91 116
91 118
91 121
91 122
91 123
91 124
91 130
91 131
91 134
91 137
91 140
91 142
91 145
91 148
92 93
92 94
92 95
92 96
92 100
92 101
92 102
92 104
92 105
92 107
92 110
92 111
92 112
92 115
92 117
92 118
92 119
92 120
92 121
92 123
92 126
92 127
92 130
92 135
92 136
92 142
92 146
92 147
92 148
92 149
93 95
93 96
93 98
93 104
93 108
93 111
93 112
93 114
93 116
93 119
93 122
93 123
93 126
93 130
93 131
93 133
93 134
93 135
93 136
93 137
93 138
93 139
93 143
93 145
93 146
93 149
94 96
94 99
94 101
94 102
94 103
94 105
94 107
94 109
94 110
94 111
94 112
94 114
94 115
94 116
94 118
94 119
94 120
94 122
94 123
94 124
94 125
94 126
94 127
94 128
94 129
94 134
94 135
94 136
94 137
94 138
94 139
94 142
94 145
94 146
94 148
95 98
95 101
95 105
95 107
95 109
95 111
95 114
95 116
95 120
95 122
95 123
95 124
95 127
95 128
95 129
95 132
95 134
95 135
95 137
95 140
95 144
95 145
95 147
95 148
96 100
96 102
96 103
96 104
96 105
96 106
96 107
96 108
96 110
96 113
96 118
96 119
96 120
96 125
96 127
96 129
96 131
96 136
96 137
96 138
96 141
96 143
96 148
96 149
97 98
97 99
97 100
97 103
97 104
97 106
97 107
97 109
97 113
97 115
97 116
97 122
97 123
97 126
97 127
97 128
97 130
97 133
97 134
97 137
97 139
97 142
97 143
98 99
98 107
98 109
98 111
98 116
98 117
98 118
98 119
98 123
98 124
98 126
98 127
98 128
98 129
98 134
98 135
98 136
98 139
98 140
98 141
98 144
99 100
99 103
99 104
99 105
99 107
99 109
99 110
99 111
99 113
99 114
99 115
99 117
99 119
99 120
99 122
99 123
99 124
99 129
99 132
99 133
99 135
99 137
99 138
99 140
99 144
99 146
99 147
100 103
100 104
100 105
100 106
100 110
100 111
100 113
100 114
100 115
100 117
100 119
100 123
100 124
100 126
100 130
100 140
100 141
100 142
100 144
100 145
100 146
100 147
100 148
101 105
101 108
101 111
101 113
101 114
101 115
101 117
101 122
101 123
101 124
101 125
101 127
101 128
101 129
101 130
101 131
101 132
101 133
101 135
101 136
101 139
101 141
101 145
101 146
101 149
102 106
102 107
102 108
102 111
102 112
102 115
102 117
102 120
102 126
102 127
102 128
102 130
102 131
102 132
102 133
102 134
102 136
102 137
102 139
102 141
102 142
102 146
102 147
102 149
103 105
103 106
103 107
103 109
103 111
103 112
103 114
103 117
103 118
103 119
103 120
103 125
103 126
103 128
103 129
103 136
103 137
103 139
103 140
103 142
103 143
103 144
103 145
103 147
103 148
104 109
104 110
104 111
104 112
104 113
104 115
104 116
104 117
104 120
104 121
104 124
104 125
104 128
104 130
104 131
104 132
104 133
104 136
104 139
104 141
104 143
104 144
104 146
104 147
105 108
105 110
105 111
105 119
105 123
105 127
105 128
105 132
105 133
105 135
105 138
105 140
105 144
105 145
105 146
105 149
106 109
106 110
106 112
106 113
106 117
106 118
106 122
106 124
106 125
106 126
106 130
106 131
106 136
106 140
106 143
106 144
106 148
107 108
107 111
107 112
107 113
107 116
107 123
107 125
107 126
107 128
107 130
107 132
107 133
107 138
107 141
107 145
107 146
107 147
107 149
108 109
108 110
108 112
108 115
108 117
108 119
108 122
108 123
108 124
108 125
108 128
108 130
108 135
108 139
108 140
108 145
109 110
109 111
109 112
109 114
109 117
109 119
109 120
109 130
109 132
109 133
109 134
109 137
109 140
109 143
109 147
110 113
110 115
110 120
110 122
110 125
110 132
110 133
110 137
110 138
110 140
110 141
110 143
110 145
110 147
110 149
111 112
111 116
111 119
111 120
111 121
111 126
111 130
111 131
111 132
111 135
111 136
111 138
111 139
111 140
111 141
111 142
111 143
111 144
111 145
111 149
112 114
112 119
112 120
112 121
112 122
112 123
112 124
112 125
112 127
112 128
112 131
112 132
112 133
112 135
112 136
112 140
112 142
112 143
112 146
112 147
112 148
112 149
113 117
113 118
113 122
113 123
113 126
113 129
113 132
113 133
113 136
113 137
113 142
113 143
113 147
113 149
114 117
114 119
114 120
114 123
114 126
114 128
114 133
114 134
114 137
114 138
114 139
114 142
114 144
114 145
114 146
114 148
115 116
115 118
115 119
115 120
115 121
115 123
115 126
115 127
115 128
115 134
115 137
115 139
115 140
115 141
115 144
115 147
115 148
115 149
116 117
116 118
116 120
116 125
116 127
116 128
116 129
116 131
116 133
116 137
116 138
116 140
116 145
116 146
117 118
117 119
117 120
117 123
117 126
117 131
117 132
117 134
117 136
117 138
117 141
117 142
117 143
117 146
117 148
117 149
118 120
118 121
118 123
118 124
118 127
118 128
118 129
118 134
118 137
118 138
118 139
118 140
118 142
118 147
118 148
119 121
119 122
119 123
119 125
119 126
119 127
119 130
119 131
119 133
119 134
119 136
119 137
119 139
119 140
119 142
119 143
119 145
119 147
120 121
120 123
120 124
120 125
120 127
120 133
120 135
120 139
120 140
120 141
120 142
120 143
120 144
120 145
120 146
120 147
120 149
121 122
121 124
121 125
121 128
121 129
121 131
121 132
121 134
121 136
121 137
121 143
121 144
121 145
121 146
121 148
121 149
122 123
122 124
122 128
122 129
122 132
122 133
122 136
122 137
122 144
122 147
122 149
123 124
123 128
123 131
123 132
123 133
123 136
123 138
123 141
123 142
123 143
123 145
123 147
124 125
124 127
124 128
124 129
124 130
124 131
124 134
124 136
124 137
124 140
124 142
124 144
124 146
124 149
125 128
125 130
125 131
125 132
125 134
125 136
125 138
125 139
125 140
125 142
125 143
125 146
126 127
126 129
126 130
126 131
126 132
126 139
126 141
126 143
126 144
126 145
126 146
127 128
127 129
127 133
127 135
127 139
127 140
127 144
127 145
127 148
128 131
128 133
128 134
128 135
128 137
128 138
128 139
128 142
128 143
128 144
128 145
129 130
129 135
129 137
129 138
129 139
129 144
130 132
130 133
130 136
130 137
130 138
130 141
130 143
130 145
130 146
130 147
130 149
131 135
131 136
131 137
131 138
131 141
131 142
131 146
131 147
132 133
132 134
132 137
132 138
132 139
132 144
132 148
132 149
133 139
133 143
133 145
133 149
134 137
134 141
134 142
134 143
134 145
134 146
134 149
135 136
135 145
136 141
136 143
136 146
136 147
136 148
137 139
137 140
137 142
137 143
137 146
137 147
137 148
137 149
138 141
138 142
138 145
138 148
139 141
139 142
139 143
139 144
139 146
139 148
140 142
140 143
140 144
140 146
140 148
141 143
141 145
141 146
141 147
141 148
141 149
142 148
143 144
143 145
143 146
143 148
144 145
144 146
144 147
145 149
146 148
146 149
147 148
148 149

